20;2;0.098461;
40;2;0.393171;
60;2;0.891478;
80;2;1.574477;
100;2;2.474326;
120;2;3.560555;
140;2;4.839785;
160;2;6.334084;
180;2;7.985985;
200;2;9.914069;
220;2;11.985456;
240;2;14.190815;
260;2;16.690534;
280;2;19.294992;
300;2;22.229544;
320;2;25.239602;
340;2;28.950256;
360;2;32.077867;
380;2;35.577047;
30;3;0.220190;
60;3;0.892116;
90;3;1.994417;
120;3;3.516250;
150;3;5.543187;
180;3;8.023236;
210;3;10.879101;
240;3;14.207318;
270;3;18.298753;
300;3;22.300710;
330;3;26.871665;
360;3;31.919931;
390;3;37.662444;
420;3;43.691143;
450;3;49.905847;
480;3;56.975355;
510;3;65.093283;
540;3;72.511844;
570;3;80.375666;
40;4;0.394425;
80;4;1.571629;
120;4;3.533224;
160;4;6.299395;
200;4;9.839039;
240;4;14.220620;
280;4;19.278140;
320;4;25.380109;
360;4;32.008874;
400;4;39.387471;
440;4;47.815725;
480;4;56.997065;
520;4;66.656082;
560;4;77.520864;
600;4;89.001298;
640;4;101.296239;
680;4;114.490303;
720;4;127.523340;
760;4;142.782736;
50;5;0.618410;
100;5;2.492520;
150;5;5.546933;
200;5;9.866944;
250;5;15.434231;
300;5;22.177646;
350;5;30.452708;
400;5;40.768899;
450;5;50.048288;
500;5;61.593894;
550;5;74.546435;
600;5;88.889389;
650;5;103.989623;
700;5;121.130275;
750;5;138.702628;
800;5;158.255719;
850;5;178.860533;
900;5;200.143527;
950;5;223.183302;
60;6;0.917802;
120;6;3.543466;
180;6;8.026079;
240;6;14.221266;
300;6;22.160505;
360;6;31.880029;
420;6;43.587201;
480;6;57.015415;
540;6;72.200376;
600;6;89.584778;
660;6;107.712634;
720;6;127.813549;



