Par
static
1;10;0.016990;
1;20;0.053335;
1;30;0.114539;
1;40;0.201924;
1;50;0.317688;
1;60;0.454586;
1;70;0.616787;
1;80;0.806877;
1;90;1.014165;
1;100;1.259148;
1;110;1.515451;
1;120;1.810419;
1;130;2.103061;
1;140;2.463102;
1;150;2.798929;
1;160;3.205168;
1;170;3.592047;
1;180;4.075024;
1;190;4.495819;
1;200;5.022549;
1;210;5.518615;
1;220;6.057642;
1;230;6.615538;
1;240;7.198207;
1;250;7.766810;
1;260;8.454784;
1;270;9.045884;
1;280;9.842612;
1;290;10.522216;
1;300;11.250207;
1;310;11.950382;
1;320;12.803372;
1;330;13.527463;
1;340;14.520782;
1;350;15.216018;
1;360;16.200495;
1;370;16.991896;
1;380;18.050410;
1;390;18.912445;
1;400;19.998443;
1;410;21.005989;
1;420;22.064892;
1;430;22.966541;
1;440;24.193945;
1;450;25.158032;
1;460;26.438219;
1;470;27.403613;
1;480;28.813608;
1;490;30.014282;
1;500;31.289079;
1;510;32.411379;
1;520;33.858244;
1;530;34.989489;
1;540;36.553333;
1;550;37.790742;
1;560;39.303491;
1;570;40.695638;
1;580;42.180439;
1;590;43.444598;
1;600;45.213399;
1;610;46.643153;
1;620;48.371454;
1;630;49.930467;
1;640;51.629931;
1;650;53.288705;
1;660;55.043031;
1;670;56.885324;
1;680;58.446543;
1;690;60.396684;
1;700;62.251793;
1;710;63.975517;
1;720;65.789370;
1;730;67.754028;
1;740;69.508075;
1;750;71.501689;
1;760;73.363832;
1;770;75.428071;
1;780;77.382869;
1;790;79.212532;
1;800;81.381682;
1;810;83.365113;
1;820;85.535612;
1;830;87.633707;
1;840;89.631703;
1;850;91.805201;
1;860;94.095507;
1;870;96.428964;
1;880;98.543844;
1;890;100.791920;
1;900;103.037769;
1;910;105.372242;
1;920;107.560065;
1;930;110.001280;
1;940;112.271622;
1;950;115.059765;
1;960;117.004686;
1;970;119.653980;
1;980;122.030786;
1;990;124.699857;
2;10;0.025637;
2;20;0.042212;
2;30;0.076334;
2;40;0.116297;
2;50;0.172815;
2;60;0.241704;
2;70;0.326859;
2;80;0.421734;
2;90;0.531313;
2;100;0.649557;
2;110;0.780649;
2;120;0.926652;
2;130;1.077596;
2;140;1.254584;
2;150;1.424058;
2;160;1.629573;
2;170;1.826869;
2;180;2.052498;
2;190;2.285533;
2;200;2.543972;
2;210;2.774513;
2;220;3.059056;
2;230;3.322716;
2;240;3.628683;
2;250;3.918503;
2;260;4.256703;
2;270;4.554757;
2;280;4.930012;
2;290;5.278538;
2;300;5.660873;
2;310;6.013408;
2;320;6.443026;
2;330;6.796138;
2;340;7.255286;
2;350;7.658505;
2;360;9.624450;
2;370;8.546523;
2;380;9.100044;
2;390;9.506025;
2;400;10.055365;
2;410;10.481439;
2;420;11.097607;
2;430;11.591141;
2;440;12.153078;
2;450;12.618760;
2;460;13.263996;
2;470;13.774317;
2;480;14.475878;
2;490;15.045600;
2;500;15.725164;
2;510;16.267086;
2;520;16.815481;
2;530;17.559681;
2;540;18.201262;
2;550;18.894528;
2;560;19.658724;
2;570;20.290560;
2;580;20.996276;
2;590;21.852636;
2;600;22.531240;
2;610;23.182361;
2;620;24.080305;
2;630;24.770993;
2;640;25.624934;
2;650;26.345465;
2;660;27.296095;
2;670;28.378018;
2;680;29.280631;
2;690;29.693124;
2;700;30.721145;
2;710;31.478771;
2;720;32.398697;
2;730;34.026888;
2;740;34.329202;
2;750;35.152971;
2;760;36.325175;
2;770;37.870091;
2;780;38.329267;
2;790;39.550813;
2;800;40.173488;
2;810;40.954324;
2;820;42.180053;
2;830;43.225545;
2;840;44.291529;
2;850;45.321255;
2;860;46.580986;
2;870;48.319220;
2;880;48.765462;
2;890;49.961920;
2;900;51.160203;
2;910;52.211787;
2;920;54.073433;
2;930;55.370621;
2;940;56.458242;
2;950;57.148931;
2;960;58.453155;
2;970;59.952755;
2;980;60.924887;
2;990;62.560624;
3;10;0.024588;
3;20;0.038246;
3;30;0.064789;
3;40;0.089821;
3;50;0.127202;
3;60;0.169927;
3;70;0.229613;
3;80;0.292995;
3;90;0.362846;
3;100;0.449792;
3;110;0.533944;
3;120;0.631181;
3;130;0.735395;
3;140;0.854468;
3;150;0.963735;
3;160;1.105352;
3;170;1.237152;
3;180;1.386724;
3;190;1.545553;
3;200;1.710040;
3;210;1.860126;
3;220;2.069275;
3;230;2.243804;
3;240;2.436983;
3;250;2.638010;
3;260;2.879178;
3;270;3.063986;
3;280;3.313502;
3;290;3.525359;
3;300;4.786350;
3;310;4.039763;
3;320;4.326800;
3;330;4.565172;
3;340;4.885411;
3;350;5.124452;
3;360;5.444508;
3;370;5.732186;
3;380;6.085967;
3;390;6.357190;
3;400;6.772202;
3;410;7.013353;
3;420;7.400541;
3;430;7.754277;
3;440;8.146269;
3;450;8.440978;
3;460;8.905034;
3;470;9.222626;
3;480;9.665781;
3;490;10.028337;
3;500;10.461853;
3;510;10.884169;
3;520;11.356885;
3;530;11.700809;
3;540;15.348187;
3;550;12.607250;
3;560;13.146906;
3;570;13.538196;
3;580;14.070201;
3;590;14.556396;
3;600;15.037707;
3;610;15.545615;
3;620;16.034060;
3;630;16.560375;
3;640;17.117856;
3;650;17.633509;
3;660;18.224203;
3;670;18.756420;
3;680;19.342714;
3;690;19.808087;
3;700;20.527527;
3;710;21.056955;
3;720;21.627750;
3;730;22.367151;
3;740;22.921774;
3;750;23.575404;
3;760;24.135444;
3;770;24.956528;
3;780;25.512178;
3;790;26.057343;
3;800;26.939155;
3;810;27.267134;
3;820;28.510900;
3;830;28.729378;
3;840;29.810556;
3;850;30.121980;
3;860;30.985271;
3;870;31.915301;
3;880;32.421177;
3;890;33.577117;
3;900;34.537946;
3;910;35.229603;
3;920;35.864617;
3;930;36.818354;
3;940;36.989162;
3;950;38.392598;
3;960;38.540174;
3;970;39.371073;
3;980;40.218366;
3;990;41.995425;
4;10;0.029267;
4;20;0.039402;
4;30;0.057577;
4;40;0.075762;
4;50;0.108623;
4;60;0.137142;
4;70;0.183327;
4;80;0.227523;
4;90;0.287249;
4;100;0.346618;
4;110;0.415362;
4;120;0.481974;
4;130;0.571346;
4;140;0.645785;
4;150;0.742926;
4;160;0.833329;
4;170;0.942696;
4;180;1.047869;
4;190;1.172080;
4;200;1.295317;
4;210;1.417985;
4;220;1.556096;
4;230;1.707915;
4;240;1.846370;
4;250;2.000075;
4;260;2.158646;
4;270;2.317887;
4;280;2.496819;
4;290;2.670104;
4;300;2.863006;
4;310;3.048370;
4;320;3.244307;
4;330;3.463174;
4;340;3.664830;
4;350;3.867973;
4;360;4.099622;
4;370;4.329462;
4;380;4.564225;
4;390;4.805094;
4;400;5.068309;
4;410;5.314191;
4;420;5.565004;
4;430;5.847770;
4;440;6.115092;
4;450;6.364597;
4;460;8.389293;
4;470;6.955229;
4;480;7.283824;
4;490;7.575892;
4;500;7.888553;
4;510;8.204887;
4;520;8.520377;
4;530;8.845983;
4;540;9.181686;
4;550;9.504084;
4;560;9.851928;
4;570;10.219329;
4;580;10.585156;
4;590;10.939519;
4;600;11.333813;
4;610;11.678140;
4;620;12.116764;
4;630;12.443337;
4;640;12.824703;
4;650;13.241516;
4;660;13.713590;
4;670;14.066203;
4;680;14.531271;
4;690;14.916589;
4;700;15.411777;
4;710;15.825586;
4;720;16.250803;
4;730;16.690827;
4;740;17.211201;
4;750;17.643466;
4;760;18.085711;
4;770;18.569914;
4;780;19.088965;
4;790;19.519892;
4;800;20.058646;
4;810;20.560094;
4;820;21.111755;
4;830;21.607344;
4;840;22.124629;
4;850;22.678191;
4;860;23.259684;
4;870;23.781349;
4;880;24.286636;
4;890;25.009324;
4;900;25.477786;
4;910;26.056607;
4;920;26.538850;
4;930;27.090657;
4;940;27.744970;
4;950;28.312162;
4;960;29.005845;
4;970;29.533138;
4;980;30.254967;
4;990;30.755542;
5;10;0.032658;
5;20;0.039936;
5;30;0.056171;
5;40;0.070469;
5;50;0.097774;
5;60;0.118633;
5;70;0.158183;
5;80;0.187482;
5;90;0.234968;
5;100;0.281758;
5;110;0.339197;
5;120;0.469162;
5;130;0.462380;
5;140;0.526879;
5;150;0.600066;
5;160;0.676666;
5;170;0.759713;
5;180;0.850056;
5;190;0.942851;
5;200;1.041189;
5;210;1.144545;
5;220;1.250764;
5;230;1.369616;
5;240;1.480518;
5;250;1.601271;
5;260;1.734271;
5;270;1.867100;
5;280;2.009652;
5;290;2.135665;
5;300;2.304277;
5;310;2.453916;
5;320;2.610539;
5;330;2.770877;
5;340;2.944453;
5;350;3.107215;
5;360;3.291659;
5;370;3.467335;
5;380;3.673927;
5;390;3.846833;
5;400;4.059219;
5;410;4.237941;
5;420;4.477258;
5;430;4.663807;
5;440;4.908003;
5;450;5.137004;
5;460;5.349339;
5;470;5.563818;
5;480;5.834845;
5;490;6.069428;
5;500;6.326191;
5;510;6.559414;
5;520;6.826856;
5;530;7.087442;
5;540;7.352632;
5;550;7.602150;
5;560;7.906716;
5;570;8.159309;
5;580;8.502918;
5;590;8.738624;
5;600;9.073836;
5;610;9.345778;
5;620;9.686064;
5;630;9.956338;
5;640;10.331980;
5;650;10.594809;
5;660;10.956842;
5;670;13.509553;
5;680;11.619240;
5;690;11.956073;
5;700;12.340691;
5;710;12.652664;
5;720;13.015934;
5;730;13.335725;
5;740;13.822806;
5;750;14.122812;
5;760;14.494010;
5;770;14.891781;
5;780;15.305355;
5;790;15.621586;
5;800;16.105471;
5;810;16.454163;
5;820;16.864706;
5;830;17.297679;
5;840;17.734572;
5;850;18.115629;
5;860;18.593498;
5;870;23.989966;
5;880;19.461522;
5;890;19.887529;
5;900;20.413854;
5;910;20.766507;
5;920;21.239307;
5;930;21.689308;
5;940;22.188247;
5;950;22.648134;
5;960;23.111430;
5;970;23.730087;
5;980;24.153324;
5;990;24.780073;
6;10;0.035486;
6;20;0.046165;
6;30;0.051441;
6;40;0.075193;
6;50;0.088137;
6;60;0.115070;
6;70;0.139684;
6;80;0.184664;
6;90;0.204286;
6;100;0.254204;
6;110;0.299955;
6;120;0.347849;
6;130;0.393058;
6;140;0.462131;
6;150;0.510265;
6;160;0.584844;
6;170;0.652361;
6;180;0.722477;
6;190;0.801586;
6;200;0.897272;
6;210;0.956745;
6;220;1.065486;
6;230;1.161854;
6;240;1.255069;
6;250;1.355857;
6;260;1.481789;
6;270;1.559548;
6;280;1.705848;
6;290;1.816777;
6;300;1.931721;
6;310;2.064576;
6;320;2.220596;
6;330;2.316116;
6;340;2.483880;
6;350;2.621501;
6;360;2.763548;
6;370;2.914363;
6;380;3.100831;
6;390;3.228398;
6;400;3.407430;
6;410;3.591103;
6;420;3.744628;
6;430;3.929732;
6;440;4.148756;
6;450;4.279281;
6;460;4.489293;
6;470;4.684035;
6;480;4.881492;
6;490;5.078467;
6;500;5.331529;
6;510;5.495411;
6;520;5.702949;
6;530;5.957966;
6;540;6.172809;
6;550;6.373691;
6;560;6.645800;
6;570;6.808126;
6;580;7.096409;
6;590;7.338667;
6;600;7.732052;
6;610;7.892192;
6;620;8.134639;
6;630;8.314455;
6;640;8.602994;
6;650;10.617307;
6;660;9.192644;
6;670;9.441953;
6;680;9.753403;
6;690;9.973054;
6;700;10.306116;
6;710;10.585648;
6;720;10.879051;
6;730;11.169793;
6;740;11.527533;
6;750;11.774486;
6;760;12.156867;
6;770;12.473958;
6;780;12.849016;
6;790;13.113491;
6;800;13.454779;
6;810;13.722322;
6;820;14.138068;
6;830;14.505722;
6;840;14.797946;
6;850;15.135486;
6;860;15.589226;
6;870;15.838841;
6;880;16.249616;
6;890;16.645619;
6;900;17.106160;
6;910;17.363081;
6;920;21.181865;
6;930;23.151003;
6;940;18.555076;
6;950;18.952077;
6;960;19.306027;
6;970;19.733339;
6;980;20.207262;
6;990;20.585246;
7;10;0.041195;
7;20;0.049947;
7;30;0.058366;
7;40;0.067562;
7;50;0.081864;
7;60;0.105225;
7;70;0.129231;
7;80;0.159106;
7;90;0.188453;
7;100;0.228368;
7;110;0.260261;
7;120;0.304429;
7;130;0.353665;
7;140;0.395492;
7;150;0.470426;
7;160;0.546281;
7;170;0.571958;
7;180;0.633408;
7;190;0.701174;
7;200;0.774521;
7;210;0.834705;
7;220;0.925200;
7;230;1.013370;
7;240;1.094757;
7;250;1.170895;
7;260;1.273902;
7;270;1.365298;
7;280;1.465196;
7;290;1.568670;
7;300;1.673759;
7;310;1.792243;
7;320;1.904051;
7;330;2.010478;
7;340;2.163447;
7;350;2.251697;
7;360;2.405254;
7;370;2.519758;
7;380;2.663956;
7;390;2.783912;
7;400;2.946405;
7;410;3.073982;
7;420;3.211802;
7;430;3.400734;
7;440;3.543040;
7;450;3.697558;
7;460;3.858119;
7;470;4.012153;
7;480;4.203898;
7;490;4.333445;
7;500;4.576150;
7;510;4.734860;
7;520;4.935518;
7;530;5.078594;
7;540;5.303734;
7;550;5.507438;
7;560;5.676314;
7;570;5.896856;
7;580;6.111076;
7;590;6.314112;
7;600;6.537410;
7;610;6.722253;
7;620;6.970548;
7;630;7.164023;
7;640;7.386363;
7;650;7.617455;
7;660;8.517539;
7;670;8.132209;
7;680;8.342321;
7;690;8.575237;
7;700;8.832971;
7;710;9.080679;
7;720;9.363033;
7;730;9.618309;
7;740;9.896282;
7;750;10.143400;
7;760;10.437389;
7;770;10.666267;
7;780;11.009374;
7;790;11.313413;
7;800;11.520031;
7;810;11.804633;
7;820;12.117746;
7;830;12.405744;
7;840;12.842456;
7;850;13.010170;
7;860;13.349316;
7;870;13.679084;
7;880;13.931349;
7;890;14.258124;
7;900;14.640927;
7;910;14.851587;
7;920;15.245749;
7;930;15.581641;
7;940;15.902675;
7;950;16.221593;
7;960;16.847198;
7;970;17.231993;
7;980;17.264922;
7;990;17.641421;
8;10;0.050181;
8;20;0.057101;
8;30;0.060769;
8;40;0.090182;
8;50;0.085927;
8;60;0.109631;
8;70;0.126736;
8;80;0.163325;
8;90;0.180763;
8;100;0.211743;
8;110;0.248214;
8;120;0.273862;
8;130;0.323696;
8;140;0.367486;
8;150;0.417688;
8;160;0.474781;
8;170;0.515960;
8;180;0.571721;
8;190;0.630198;
8;200;0.793524;
8;210;0.757135;
8;220;0.824881;
8;230;0.889734;
8;240;0.949726;
8;250;1.039868;
8;260;1.121677;
8;270;1.204064;
8;280;1.276621;
8;290;1.398780;
8;300;1.473971;
8;310;1.568436;
8;320;1.655586;
8;330;1.786640;
8;340;1.891543;
8;350;2.009647;
8;360;2.081399;
8;370;2.234628;
8;380;2.331341;
8;390;2.452218;
8;400;2.555680;
8;410;2.716745;
8;420;2.836348;
8;430;2.991747;
8;440;3.113654;
8;450;3.258568;
8;460;3.390750;
8;470;3.537570;
8;480;3.681216;
8;490;3.950433;
8;500;3.989057;
8;510;4.179049;
8;520;4.297891;
8;530;4.522288;
8;540;4.630307;
8;550;4.808946;
8;560;4.968204;
8;570;5.188821;
8;580;5.345631;
8;590;5.554547;
8;600;5.690836;
8;610;5.911527;
8;620;7.609338;
8;630;6.393506;
8;640;6.474188;
8;650;6.695417;
8;660;6.928925;
8;670;7.138291;
8;680;7.287045;
8;690;7.575769;
8;700;7.727018;
8;710;8.006266;
8;720;8.172421;
8;730;8.452021;
8;740;8.639085;
8;750;8.911953;
8;760;9.757785;
8;770;10.219394;
8;780;9.581806;
8;790;9.884761;
8;800;10.067501;
8;810;13.093322;
8;820;10.618962;
8;830;12.598374;
8;840;11.507463;
8;850;11.425423;
8;860;11.652298;
8;870;11.980957;
8;880;12.168219;
8;890;12.521008;
8;900;12.786325;
8;910;13.080463;
8;920;13.293927;
8;930;13.641736;
8;940;13.959264;
8;950;14.260454;
8;960;14.479066;
8;970;16.318617;
8;980;15.129000;
8;990;15.440434;
dynamic
1;10;0.016971;
1;20;0.053464;
1;30;0.114107;
1;40;0.202699;
1;50;0.317338;
1;60;0.456343;
1;70;0.616121;
1;80;0.811089;
1;90;1.011801;
1;100;1.256826;
1;110;1.506945;
1;120;1.809101;
1;130;2.104959;
1;140;2.465684;
1;150;2.799650;
1;160;3.205141;
1;170;3.608601;
1;180;4.057723;
1;190;4.500694;
1;200;5.009025;
1;210;5.483588;
1;220;6.049890;
1;230;6.616262;
1;240;7.198445;
1;250;7.821166;
1;260;8.453596;
1;270;9.071646;
1;280;9.804784;
1;290;10.459895;
1;300;11.250940;
1;310;11.926907;
1;320;12.806510;
1;330;13.616664;
1;340;14.460769;
1;350;15.239764;
1;360;16.274662;
1;370;17.009423;
1;380;18.057079;
1;390;18.881722;
1;400;19.994798;
1;410;20.860566;
1;420;22.078672;
1;430;22.973712;
1;440;24.192926;
1;450;25.155519;
1;460;26.470443;
1;470;27.423598;
1;480;28.797303;
1;490;29.795450;
1;500;31.305883;
1;510;32.416411;
1;520;33.867301;
1;530;34.954243;
1;540;36.479869;
1;550;37.809924;
1;560;39.206495;
1;570;40.587497;
1;580;42.221444;
1;590;43.415211;
1;600;45.186471;
1;610;46.673006;
1;620;48.284408;
1;630;49.883438;
1;640;51.528796;
1;650;53.299748;
1;660;54.974238;
1;670;56.794746;
1;680;58.519043;
1;690;60.441492;
1;700;62.232790;
1;710;64.123432;
1;720;65.753517;
1;730;67.750591;
1;740;69.548866;
1;750;71.495104;
1;760;73.351960;
1;770;75.472723;
1;780;77.522264;
1;790;79.265911;
1;800;81.218423;
1;810;83.355057;
1;820;85.419274;
1;830;87.705580;
1;840;89.668308;
1;850;91.849001;
1;860;93.976591;
1;870;96.252809;
1;880;98.490094;
1;890;100.896034;
1;900;102.956947;
1;910;105.601174;
1;920;107.577566;
1;930;110.149596;
1;940;112.329650;
1;950;114.873441;
1;960;117.018187;
1;970;119.854324;
1;980;122.054867;
1;990;124.726192;
2;10;0.025668;
2;20;0.042139;
2;30;0.075324;
2;40;0.115109;
2;50;0.172802;
2;60;0.284248;
2;70;0.329855;
2;80;0.424383;
2;90;0.530487;
2;100;0.649525;
2;110;0.779770;
2;120;0.923759;
2;130;1.080573;
2;140;1.249213;
2;150;1.431942;
2;160;1.624077;
2;170;1.822088;
2;180;2.050226;
2;190;2.280078;
2;200;2.525251;
2;210;2.772404;
2;220;3.050683;
2;230;3.312498;
2;240;3.629682;
2;250;3.915923;
2;260;4.259753;
2;270;4.556342;
2;280;4.928858;
2;290;5.270056;
2;300;5.661201;
2;310;6.015322;
2;320;6.431050;
2;330;6.839237;
2;340;7.283081;
2;350;7.656689;
2;360;8.149301;
2;370;8.570344;
2;380;9.076877;
2;390;9.489950;
2;400;10.063169;
2;410;10.487561;
2;420;11.073825;
2;430;11.587533;
2;440;12.165146;
2;450;12.625734;
2;460;13.278025;
2;470;13.785724;
2;480;14.465232;
2;490;15.058460;
2;500;18.379569;
2;510;16.262014;
2;520;16.976836;
2;530;17.516843;
2;540;18.266870;
2;550;18.884903;
2;560;19.650033;
2;570;20.293432;
2;580;21.077791;
2;590;21.832067;
2;600;22.565811;
2;610;23.182210;
2;620;24.083412;
2;630;24.794407;
2;640;25.868869;
2;650;26.589643;
2;660;27.311988;
2;670;28.039000;
2;680;28.949111;
2;690;30.140459;
2;700;31.133117;
2;710;32.133185;
2;720;33.025754;
2;730;33.246647;
2;740;34.323905;
2;750;35.116396;
2;760;36.185405;
2;770;37.078466;
2;780;38.079386;
2;790;38.976357;
2;800;40.553191;
2;810;40.995858;
2;820;42.132188;
2;830;43.299120;
2;840;44.243658;
2;850;45.305448;
2;860;46.578935;
2;870;47.626381;
2;880;48.760102;
2;890;49.999261;
2;900;51.111307;
2;910;52.361641;
2;920;53.708828;
2;930;54.744387;
2;940;55.932439;
2;950;57.215973;
2;960;58.529776;
2;970;59.656181;
2;980;60.938454;
2;990;62.784911;
3;10;0.025213;
3;20;0.044654;
3;30;0.061073;
3;40;0.087866;
3;50;0.127424;
3;60;0.170959;
3;70;0.228175;
3;80;0.293540;
3;90;0.362074;
3;100;0.451241;
3;110;0.534676;
3;120;0.627609;
3;130;0.737706;
3;140;0.853863;
3;150;0.964099;
3;160;1.106051;
3;170;1.232940;
3;180;1.385602;
3;190;1.539692;
3;200;1.710107;
3;210;1.862989;
3;220;2.066986;
3;230;2.241697;
3;240;2.435704;
3;250;2.653439;
3;260;2.873482;
3;270;3.063207;
3;280;3.320934;
3;290;3.531996;
3;300;3.794812;
3;310;4.039863;
3;320;4.319435;
3;330;4.565548;
3;340;4.870029;
3;350;5.126440;
3;360;5.447082;
3;370;5.741989;
3;380;6.083098;
3;390;6.357772;
3;400;6.756740;
3;410;7.014008;
3;420;7.409751;
3;430;7.750404;
3;440;8.141099;
3;450;8.453862;
3;460;8.909999;
3;470;9.257452;
3;480;9.675681;
3;490;10.036169;
3;500;10.487382;
3;510;10.894825;
3;520;11.337630;
3;530;11.711890;
3;540;12.204663;
3;550;12.657469;
3;560;13.167101;
3;570;13.538792;
3;580;14.088173;
3;590;14.510326;
3;600;15.068318;
3;610;15.547606;
3;620;16.108103;
3;630;16.545372;
3;640;17.099320;
3;650;17.631734;
3;660;18.235002;
3;670;18.738030;
3;680;19.347835;
3;690;19.875600;
3;700;20.516624;
3;710;21.015844;
3;720;21.628470;
3;730;22.342926;
3;740;22.913640;
3;750;23.553948;
3;760;24.121719;
3;770;24.942145;
3;780;25.461779;
3;790;26.242996;
3;800;26.733477;
3;810;27.647120;
3;820;28.137130;
3;830;29.231792;
3;840;29.442976;
3;850;30.580245;
3;860;30.951568;
3;870;32.267055;
3;880;32.417768;
3;890;33.060756;
3;900;33.950891;
3;910;34.602550;
3;920;35.986324;
3;930;36.030911;
3;940;37.666998;
3;950;37.754630;
3;960;38.570288;
3;970;39.414965;
3;980;40.736490;
3;990;41.842438;
4;10;0.029477;
4;20;0.039091;
4;30;0.057153;
4;40;0.075588;
4;50;0.108933;
4;60;0.136985;
4;70;0.183375;
4;80;0.227493;
4;90;0.286080;
4;100;0.343282;
4;110;0.415013;
4;120;0.480986;
4;130;0.568782;
4;140;0.646952;
4;150;0.741524;
4;160;0.833346;
4;170;0.944845;
4;180;1.048924;
4;190;1.169823;
4;200;1.287557;
4;210;1.423547;
4;220;1.554365;
4;230;1.705778;
4;240;1.841855;
4;250;1.995747;
4;260;2.764392;
4;270;2.320903;
4;280;2.492920;
4;290;2.678135;
4;300;2.873670;
4;310;3.048268;
4;320;3.248984;
4;330;3.461774;
4;340;3.658264;
4;350;3.876540;
4;360;4.100674;
4;370;4.327506;
4;380;4.559591;
4;390;4.812407;
4;400;5.043048;
4;410;5.300127;
4;420;5.580922;
4;430;5.840087;
4;440;6.111145;
4;450;6.369072;
4;460;6.673683;
4;470;6.953041;
4;480;7.276436;
4;490;7.547480;
4;500;7.898881;
4;510;8.213206;
4;520;10.734919;
4;530;8.808933;
4;540;9.173557;
4;550;9.514211;
4;560;9.862627;
4;570;10.230263;
4;580;10.608300;
4;590;10.941103;
4;600;11.320594;
4;610;11.682102;
4;620;12.087710;
4;630;12.444572;
4;640;12.822449;
4;650;13.237403;
4;660;13.694067;
4;670;14.087719;
4;680;14.536845;
4;690;14.891788;
4;700;15.548301;
4;710;15.821191;
4;720;16.259053;
4;730;16.685770;
4;740;17.228365;
4;750;17.675081;
4;760;18.090842;
4;770;18.584062;
4;780;19.105211;
4;790;19.540128;
4;800;20.073644;
4;810;20.545616;
4;820;21.105602;
4;830;27.259634;
4;840;22.125470;
4;850;22.583107;
4;860;23.240867;
4;870;23.742033;
4;880;24.299709;
4;890;24.954094;
4;900;25.461568;
4;910;25.953261;
4;920;26.545551;
4;930;27.313027;
4;940;27.738042;
4;950;28.344031;
4;960;29.043422;
4;970;29.585700;
4;980;30.288951;
4;990;30.719325;
5;10;0.032966;
5;20;0.039999;
5;30;0.056110;
5;40;0.071973;
5;50;0.095829;
5;60;0.121164;
5;70;0.158233;
5;80;0.190490;
5;90;0.235535;
5;100;0.282600;
5;110;0.338452;
5;120;0.393421;
5;130;0.462043;
5;140;0.525121;
5;150;0.599450;
5;160;0.675673;
5;170;0.758202;
5;180;0.850479;
5;190;0.942599;
5;200;1.040216;
5;210;1.138743;
5;220;1.253283;
5;230;1.364085;
5;240;1.483356;
5;250;1.604714;
5;260;1.736213;
5;270;1.863558;
5;280;2.006845;
5;290;2.136237;
5;300;2.305581;
5;310;2.460391;
5;320;2.612734;
5;330;2.768763;
5;340;2.946365;
5;350;3.099478;
5;360;3.295325;
5;370;3.461205;
5;380;3.676144;
5;390;3.843841;
5;400;4.062786;
5;410;4.241786;
5;420;4.498900;
5;430;4.666958;
5;440;4.896629;
5;450;5.096100;
5;460;5.341544;
5;470;5.562814;
5;480;5.836991;
5;490;6.020004;
5;500;6.338176;
5;510;6.560435;
5;520;6.813180;
5;530;7.088631;
5;540;7.364327;
5;550;7.623260;
5;560;7.881070;
5;570;8.155115;
5;580;8.487704;
5;590;8.892686;
5;600;9.080950;
5;610;9.361987;
5;620;9.702340;
5;630;9.954952;
5;640;10.282497;
5;650;10.624543;
5;660;11.006396;
5;670;11.262496;
5;680;11.625926;
5;690;11.932682;
5;700;12.332279;
5;710;12.646425;
5;720;13.016928;
5;730;13.360432;
5;740;13.820279;
5;750;14.136756;
5;760;14.496427;
5;770;14.890417;
5;780;15.307511;
5;790;15.626929;
5;800;16.105829;
5;810;16.416426;
5;820;16.923080;
5;830;17.294664;
5;840;17.730615;
5;850;18.091268;
5;860;18.610187;
5;870;18.996561;
5;880;19.452496;
5;890;19.858653;
5;900;20.420906;
5;910;20.777628;
5;920;27.001673;
5;930;21.701463;
5;940;22.254073;
5;950;22.731875;
5;960;23.168626;
5;970;23.670968;
5;980;24.230907;
5;990;24.703137;
6;10;0.032737;
6;20;0.044896;
6;30;0.053856;
6;40;0.072220;
6;50;0.089468;
6;60;0.111337;
6;70;0.140241;
6;80;0.179613;
6;90;0.204794;
6;100;0.257053;
6;110;0.301073;
6;120;0.347696;
6;130;0.394268;
6;140;0.464793;
6;150;0.512462;
6;160;0.583404;
6;170;0.653718;
6;180;0.720362;
6;190;0.801313;
6;200;0.896899;
6;210;0.964115;
6;220;1.063794;
6;230;1.166130;
6;240;1.249870;
6;250;1.349784;
6;260;1.476487;
6;270;1.562833;
6;280;1.700586;
6;290;1.812287;
6;300;1.929384;
6;310;2.063104;
6;320;2.217760;
6;330;2.318284;
6;340;2.478636;
6;350;2.622218;
6;360;2.948662;
6;370;2.915965;
6;380;3.097496;
6;390;3.212885;
6;400;3.416784;
6;410;3.586718;
6;420;3.748239;
6;430;3.919515;
6;440;4.152496;
6;450;4.269839;
6;460;4.488426;
6;470;4.678764;
6;480;4.880779;
6;490;5.064973;
6;500;5.311813;
6;510;5.495809;
6;520;5.725174;
6;530;5.931626;
6;540;6.184822;
6;550;6.370717;
6;560;6.632605;
6;570;6.813718;
6;580;7.203935;
6;590;7.337801;
6;600;7.561204;
6;610;7.823352;
6;620;8.133408;
6;630;8.314590;
6;640;8.643234;
6;650;8.863883;
6;660;9.192723;
6;670;9.426384;
6;680;9.750031;
6;690;9.975339;
6;700;10.308531;
6;710;10.603568;
6;720;10.868512;
6;730;11.163607;
6;740;11.560224;
6;750;11.757798;
6;760;12.124556;
6;770;12.544061;
6;780;12.763436;
6;790;13.095329;
6;800;13.468031;
6;810;13.701239;
6;820;14.114033;
6;830;14.498805;
6;840;14.779156;
6;850;15.135402;
6;860;15.613727;
6;870;15.851197;
6;880;16.254981;
6;890;16.808090;
6;900;17.016573;
6;910;17.362514;
6;920;17.765798;
6;930;18.061326;
6;940;18.586650;
6;950;18.955847;
6;960;19.306198;
6;970;19.709625;
6;980;20.200398;
6;990;20.661760;
7;10;0.043341;
7;20;0.049002;
7;30;0.061786;
7;40;0.066110;
7;50;0.083936;
7;60;0.106780;
7;70;0.132762;
7;80;0.159264;
7;90;0.190893;
7;100;0.229353;
7;110;0.260753;
7;120;0.303218;
7;130;0.368197;
7;140;0.394273;
7;150;0.463255;
7;160;0.506381;
7;170;0.675771;
7;180;0.627798;
7;190;0.723282;
7;200;0.771793;
7;210;0.832379;
7;220;0.928277;
7;230;1.006630;
7;240;1.092224;
7;250;1.173899;
7;260;1.278183;
7;270;1.363526;
7;280;1.451613;
7;290;1.578365;
7;300;1.668695;
7;310;1.794514;
7;320;1.904322;
7;330;2.011958;
7;340;2.148789;
7;350;2.250556;
7;360;2.398777;
7;370;2.510695;
7;380;2.667497;
7;390;2.792054;
7;400;2.924005;
7;410;3.087033;
7;420;3.222897;
7;430;3.392526;
7;440;3.529469;
7;450;3.697894;
7;460;3.857784;
7;470;4.037124;
7;480;4.213925;
7;490;4.341212;
7;500;4.574496;
7;510;4.738059;
7;520;4.931282;
7;530;5.080897;
7;540;5.344641;
7;550;5.470701;
7;560;5.672075;
7;570;5.892446;
7;580;6.108785;
7;590;6.317108;
7;600;6.508093;
7;610;6.738755;
7;620;6.954172;
7;630;7.168748;
7;640;7.416662;
7;650;7.642843;
7;660;8.388748;
7;670;8.125767;
7;680;8.365298;
7;690;8.584208;
7;700;8.840742;
7;710;9.102299;
7;720;9.336857;
7;730;9.612910;
7;740;9.880818;
7;750;10.179646;
7;760;10.448777;
7;770;10.695453;
7;780;10.997075;
7;790;11.232186;
7;800;11.553272;
7;810;11.810054;
7;820;12.105338;
7;830;12.429446;
7;840;12.849855;
7;850;13.004542;
7;860;13.327841;
7;870;13.657352;
7;880;13.960350;
7;890;14.244234;
7;900;14.634257;
7;910;14.868183;
7;920;15.191612;
7;930;15.535191;
7;940;15.930892;
7;950;16.197214;
7;960;17.071237;
7;970;16.919571;
7;980;17.259860;
7;990;17.876948;
8;10;0.049873;
8;20;0.057311;
8;30;0.062984;
8;40;0.073731;
8;50;0.100445;
8;60;0.108164;
8;70;0.138457;
8;80;0.148551;
8;90;0.180046;
8;100;0.216131;
8;110;0.244795;
8;120;0.281790;
8;130;0.325549;
8;140;0.364635;
8;150;0.417544;
8;160;0.448343;
8;170;0.516917;
8;180;0.568610;
8;190;0.632678;
8;200;0.671663;
8;210;0.759702;
8;220;0.816550;
8;230;0.892286;
8;240;0.991925;
8;250;1.068734;
8;260;1.127913;
8;270;1.201005;
8;280;1.298465;
8;290;1.406585;
8;300;1.478666;
8;310;1.576993;
8;320;1.645071;
8;330;1.775368;
8;340;1.879780;
8;350;1.985607;
8;360;2.078762;
8;370;2.235562;
8;380;2.326521;
8;390;3.148923;
8;400;2.542057;
8;410;2.714983;
8;420;2.836173;
8;430;2.991150;
8;440;3.102211;
8;450;3.269642;
8;460;3.384589;
8;470;3.535284;
8;480;3.640399;
8;490;3.858096;
8;500;3.999584;
8;510;4.174197;
8;520;4.278511;
8;530;4.523648;
8;540;4.655374;
8;550;4.805815;
8;560;4.958346;
8;570;5.292260;
8;580;5.340344;
8;590;5.534837;
8;600;5.715805;
8;610;7.541625;
8;620;6.160784;
8;630;6.312018;
8;640;6.455940;
8;650;6.712399;
8;660;6.908669;
8;670;9.113133;
8;680;7.300217;
8;690;7.568117;
8;700;7.732204;
8;710;7.991985;
8;720;8.175292;
8;730;8.450826;
8;740;8.630633;
8;750;8.895982;
8;760;9.101204;
8;770;9.391483;
8;780;9.590141;
8;790;9.869157;
8;800;10.062330;
8;810;10.365808;
8;820;10.617849;
8;830;12.930830;
8;840;11.106775;
8;850;11.430137;
8;860;11.638601;
8;870;11.954733;
8;880;12.179814;
8;890;12.540498;
8;900;12.757711;
8;910;13.079587;
8;920;13.316870;
8;930;13.621728;
8;940;13.906987;
8;950;14.284233;
8;960;14.464925;
8;970;16.251253;
8;980;15.148036;
8;990;15.455525;
guided
110;0.016996;
120;0.053270;
130;0.114465;
140;0.202306;
150;0.316538;
160;0.454878;
170;0.618436;
180;0.808932;
190;1.012061;
1100;1.257913;
1110;1.514373;
1120;1.805360;
1130;2.108546;
1140;2.452953;
1150;2.798975;
1160;3.217558;
1170;3.598927;
1180;4.078081;
1190;4.483210;
1200;5.013214;
1210;5.480405;
1220;6.079256;
1230;6.577071;
1240;7.236922;
1250;7.769603;
1260;8.491756;
1270;9.071511;
1280;9.796602;
1290;10.511309;
1300;11.296219;
1310;11.949157;
1320;12.803816;
1330;13.574608;
1340;14.454342;
1350;15.250890;
1360;16.258107;
1370;17.101602;
1380;18.063079;
1390;18.958972;
1400;19.997615;
1410;20.877200;
1420;22.058297;
1430;22.975194;
1440;24.208097;
1450;25.155832;
1460;26.438264;
1470;27.406609;
1480;28.812365;
1490;29.999924;
1500;31.385146;
1510;32.394274;
1520;33.833146;
1530;34.978688;
1540;36.495097;
1550;37.744946;
1560;39.227611;
1570;40.628062;
1580;42.225978;
1590;43.600101;
1600;45.246447;
1610;46.639496;
1620;48.375954;
1630;49.864739;
1640;51.617396;
1650;53.287684;
1660;55.006373;
1670;56.901431;
1680;58.553206;
1690;60.319416;
1700;62.192532;
1710;63.996563;
1720;65.815849;
1730;67.742804;
1740;69.671565;
1750;71.581680;
1760;73.359577;
1770;75.663251;
1780;77.328636;
1790;79.377758;
1800;81.298175;
1810;83.430773;
1820;85.498553;
1830;87.740546;
1840;89.642668;
1850;91.776115;
1860;94.060629;
1870;96.318850;
1880;98.583353;
1890;101.021394;
1900;103.022863;
1910;105.589731;
1920;107.828585;
1930;110.039699;
1940;112.247330;
1950;114.955780;
1960;117.052506;
1970;119.930054;
1980;122.061219;
1990;127.607876;
210;0.026840;
220;0.042302;
230;0.075992;
240;0.116896;
250;0.172617;
260;0.247031;
270;0.327122;
280;0.421724;
290;0.530474;
2100;0.649639;
2110;0.787463;
2120;0.923633;
2130;1.074098;
2140;1.255606;
2150;1.424508;
2160;1.626698;
2170;1.834625;
2180;2.062483;
2190;2.278166;
2200;2.535812;
2210;2.773968;
2220;3.053759;
2230;3.321377;
2240;3.628005;
2250;3.922324;
2260;4.278307;
2270;4.556042;
2280;4.930611;
2290;5.272991;
2300;5.659573;
2310;6.007039;
2320;6.432245;
2330;6.807129;
2340;7.263787;
2350;7.660695;
2360;8.145696;
2370;8.578413;
2380;9.068478;
2390;9.496895;
2400;10.037689;
2410;10.481560;
2420;10.958194;
2430;11.505105;
2440;12.152799;
2450;12.664124;
2460;13.300238;
2470;13.769727;
2480;14.429602;
2490;15.052678;
2500;15.697456;
2510;16.273242;
2520;16.879513;
2530;17.523559;
2540;18.206298;
2550;18.933809;
2560;19.612860;
2570;20.337808;
2580;21.064729;
2590;21.802436;
2600;22.531785;
2610;23.300724;
2620;24.133781;
2630;25.027625;
2640;25.722513;
2650;26.754186;
2660;27.303017;
2670;28.010923;
2680;28.886354;
2690;29.719525;
2700;30.714263;
2710;31.912576;
2720;32.967316;
2730;33.999960;
2740;34.316633;
2750;35.126403;
2760;36.170452;
2770;37.072213;
2780;38.170548;
2790;38.896904;
2800;40.128625;
2810;48.341493;
2820;42.129072;
2830;43.217553;
2840;44.332189;
2850;45.263093;
2860;46.591333;
2870;47.744513;
2880;48.716427;
2890;49.910877;
2900;51.204763;
2910;52.212925;
2920;53.475609;
2930;54.672173;
2940;56.003703;
2950;57.220589;
2960;58.365319;
2970;59.607595;
2980;60.962130;
2990;62.359992;
310;0.025304;
320;0.040169;
330;0.059810;
340;0.087600;
350;0.127871;
360;0.173825;
370;0.231186;
380;0.293508;
390;0.362152;
3100;0.449461;
3110;0.535484;
3120;0.628079;
3130;0.739906;
3140;1.005267;
3150;0.964993;
3160;1.103983;
3170;1.233496;
3180;1.385262;
3190;1.539653;
3200;1.713121;
3210;1.871929;
3220;2.068556;
3230;2.244730;
3240;2.444597;
3250;2.634085;
3260;2.872181;
3270;3.051068;
3280;3.330596;
3290;3.525698;
3300;3.798524;
3310;4.037910;
3320;4.333336;
3330;4.556296;
3340;4.878579;
3350;5.136700;
3360;5.465470;
3370;5.736317;
3380;6.092047;
3390;6.356025;
3400;6.722046;
3410;7.027914;
3420;7.400322;
3430;9.848801;
3440;8.162944;
3450;8.440582;
3460;8.934858;
3470;9.232513;
3480;9.671008;
3490;10.088752;
3500;10.526197;
3510;10.873045;
3520;11.352325;
3530;11.734618;
3540;12.207714;
3550;12.629170;
3560;13.144833;
3570;13.557846;
3580;14.101131;
3590;14.515311;
3600;15.041785;
3610;15.523812;
3620;16.099530;
3630;16.533839;
3640;17.143741;
3650;17.634220;
3660;18.213812;
3670;18.750633;
3680;22.596826;
3690;19.807958;
3700;20.494875;
3710;21.025761;
3720;21.655406;
3730;22.226072;
3740;22.915889;
3750;23.423660;
3760;24.130928;
3770;24.891096;
3780;25.460364;
3790;26.016030;
3800;26.898531;
3810;27.254155;
3820;28.477558;
3830;28.730314;
3840;29.862107;
3850;30.761186;
3860;30.960383;
3870;32.160227;
3880;32.431867;
3890;33.610798;
3900;34.073290;
3910;35.024992;
3920;35.404533;
3930;36.124040;
3940;37.620674;
3950;37.987082;
3960;39.102403;
3970;39.325661;
3980;40.210780;
3990;41.086644;
410;0.029645;
420;0.038475;
430;0.057669;
440;0.076249;
450;0.109769;
460;0.136826;
470;0.183304;
480;0.225885;
490;0.286419;
4100;0.343474;
4110;0.414553;
4120;0.480615;
4130;0.570689;
4140;0.646463;
4150;0.742130;
4160;0.846692;
4170;0.941844;
4180;1.047857;
4190;1.171177;
4200;1.287059;
4210;1.419849;
4220;1.557466;
4230;1.718832;
4240;1.842434;
4250;1.996517;
4260;2.163321;
4270;2.319174;
4280;2.495141;
4290;2.672470;
4300;2.859776;
4310;3.049296;
4320;3.269066;
4330;3.462149;
4340;3.660031;
4350;3.869616;
4360;4.100374;
4370;4.344629;
4380;4.576390;
4390;4.807763;
4400;5.056748;
4410;5.293475;
4420;5.568735;
4430;5.857025;
4440;6.117639;
4450;6.362269;
4460;6.670407;
4470;6.940424;
4480;9.270618;
4490;7.530991;
4500;7.908166;
4510;8.358588;
4520;8.523641;
4530;8.816720;
4540;9.179143;
4550;9.550048;
4560;9.867397;
4570;10.244725;
4580;10.595168;
4590;13.045789;
4600;11.337903;
4610;11.693252;
4620;12.109250;
4630;12.462181;
4640;12.850207;
4650;13.245664;
4660;13.699935;
4670;14.062063;
4680;14.514612;
4690;14.913643;
4700;15.402704;
4710;15.835511;
4720;16.267790;
4730;16.686169;
4740;17.217897;
4750;17.612163;
4760;18.113314;
4770;18.603190;
4780;19.110924;
4790;19.564587;
4800;20.324465;
4810;20.584177;
4820;21.091039;
4830;21.617736;
4840;22.145712;
4850;22.583370;
4860;27.535881;
4870;23.780327;
4880;24.344008;
4890;24.973911;
4900;25.476520;
4910;25.983319;
4920;26.564157;
4930;27.168085;
4940;27.779600;
4950;28.366259;
4960;29.034691;
4970;29.477128;
4980;30.141726;
4990;30.760458;
510;0.033078;
520;0.040049;
530;0.055410;
540;0.073280;
550;0.095590;
560;0.120378;
570;0.159591;
580;0.187465;
590;0.240023;
5100;0.283003;
5110;0.338101;
5120;0.393992;
5130;0.461241;
5140;0.527778;
5150;0.599480;
5160;0.679375;
5170;0.756713;
5180;0.861498;
5190;0.947591;
5200;1.042273;
5210;1.136945;
5220;1.252217;
5230;1.369154;
5240;1.483695;
5250;1.605275;
5260;1.744764;
5270;1.862987;
5280;2.004310;
5290;2.134753;
5300;2.296527;
5310;2.453630;
5320;2.612794;
5330;2.767271;
5340;2.941544;
5350;3.097774;
5360;3.291354;
5370;3.459570;
5380;3.668735;
5390;3.840242;
5400;4.061238;
5410;4.246593;
5420;4.514981;
5430;4.669454;
5440;4.902622;
5450;5.102504;
5460;5.343685;
5470;5.569749;
5480;5.830029;
5490;6.036632;
5500;6.329736;
5510;6.557247;
5520;6.817491;
5530;7.059808;
5540;7.353085;
5550;7.596042;
5560;7.893043;
5570;8.170607;
5580;8.496631;
5590;8.746148;
5600;9.063509;
5610;9.357028;
5620;9.670303;
5630;9.996628;
5640;10.283261;
5650;10.594718;
5660;11.004509;
5670;11.263905;
5680;11.635355;
5690;11.965253;
5700;12.322430;
5710;12.668630;
5720;12.992478;
5730;13.342058;
5740;13.775899;
5750;14.118141;
5760;14.506900;
5770;14.897153;
5780;15.302605;
5790;15.692235;
5800;16.113709;
5810;16.435606;
5820;16.904098;
5830;17.339243;
5840;17.740660;
5850;18.112131;
5860;18.607799;
5870;18.982669;
5880;19.474895;
5890;19.880359;
5900;20.389936;
5910;20.776141;
5920;21.234029;
5930;21.694116;
5940;22.207612;
5950;22.663365;
5960;23.134202;
5970;23.664305;
5980;24.217252;
5990;24.713699;
610;0.035973;
620;0.048635;
630;0.049780;
640;0.073343;
650;0.089093;
660;0.114549;
670;0.139566;
680;0.174638;
690;0.206573;
6100;0.250346;
6110;0.298306;
6120;0.350364;
6130;0.393818;
6140;0.462095;
6150;0.511273;
6160;0.585288;
6170;0.652755;
6180;0.725667;
6190;0.799932;
6200;0.898864;
6210;0.959123;
6220;1.064869;
6230;1.162193;
6240;1.251841;
6250;1.349546;
6260;1.482979;
6270;1.559001;
6280;1.704053;
6290;1.815885;
6300;1.936175;
6310;2.057052;
6320;2.219024;
6330;2.314407;
6340;2.483583;
6350;2.620458;
6360;2.761501;
6370;2.914148;
6380;3.099909;
6390;3.213590;
6400;3.407700;
6410;3.585160;
6420;3.746432;
6430;3.921690;
6440;4.117196;
6450;4.264708;
6460;4.494952;
6470;4.682584;
6480;4.879784;
6490;5.054493;
6500;5.294913;
6510;5.512080;
6520;5.718166;
6530;5.930164;
6540;6.184322;
6550;6.370767;
6560;6.637779;
6570;6.822898;
6580;7.115327;
6590;7.426734;
6600;7.595014;
6610;7.842407;
6620;8.136575;
6630;8.333554;
6640;8.652513;
6650;8.894211;
6660;9.193394;
6670;9.426979;
6680;9.752093;
6690;9.983904;
6700;10.344735;
6710;10.583820;
6720;10.826766;
6730;11.190105;
6740;11.558692;
6750;11.782488;
6760;12.138753;
6770;12.567892;
6780;12.774399;
6790;13.103952;
6800;13.466907;
6810;13.722363;
6820;14.133028;
6830;14.473098;
6840;14.781963;
6850;15.127948;
6860;15.613795;
6870;15.842043;
6880;16.241457;
6890;16.640950;
6900;17.096482;
6910;17.368894;
6920;17.817285;
6930;18.069726;
6940;18.535205;
6950;18.959163;
6960;19.266550;
6970;19.755019;
6980;20.240981;
6990;20.600150;
710;0.039700;
720;0.047602;
730;0.066254;
740;0.080143;
750;0.084303;
760;0.111098;
770;0.143451;
780;0.185975;
790;0.187621;
7100;0.232175;
7110;0.265985;
7120;0.301643;
7130;0.351959;
7140;0.394552;
7150;0.464560;
7160;0.508216;
7170;0.576985;
7180;0.626225;
7190;0.703961;
7200;0.771481;
7210;0.832773;
7220;0.929384;
7230;1.013828;
7240;1.102964;
7250;1.178749;
7260;1.283610;
7270;1.356609;
7280;1.462585;
7290;1.576195;
7300;1.669145;
7310;1.789676;
7320;1.875743;
7330;2.009695;
7340;2.139382;
7350;2.248871;
7360;2.831606;
7370;2.521995;
7380;2.674674;
7390;2.779598;
7400;2.930190;
7410;3.086788;
7420;3.210243;
7430;3.395474;
7440;3.526802;
7450;3.697358;
7460;3.847181;
7470;4.025124;
7480;4.177897;
7490;4.340853;
7500;5.372926;
7510;4.730210;
7520;4.935966;
7530;5.079375;
7540;5.282621;
7550;5.483822;
7560;5.681621;
7570;5.888398;
7580;6.104002;
7590;6.311785;
7600;6.504122;
7610;6.725161;
7620;6.988735;
7630;7.174392;
7640;7.388887;
7650;7.640267;
7660;7.992649;
7670;8.643699;
7680;8.361031;
7690;8.591393;
7700;8.816413;
7710;9.102532;
7720;9.340394;
7730;9.610071;
7740;9.865648;
7750;10.142011;
7760;10.438814;
7770;10.663586;
7780;10.981861;
7790;11.251399;
7800;11.548242;
7810;11.806692;
7820;12.253430;
7830;12.433586;
7840;12.933577;
7850;13.024488;
7860;13.298976;
7870;13.667108;
7880;13.953876;
7890;14.235528;
7900;14.617893;
7910;14.843231;
7920;15.291089;
7930;15.547971;
7940;15.958418;
7950;16.264840;
7960;16.602750;
7970;17.496543;
7980;17.288352;
7990;17.651394;
810;0.052526;
820;0.058323;
830;0.059083;
840;0.070338;
850;0.087162;
860;0.106691;
870;0.130562;
880;0.148999;
890;0.177661;
8100;0.208536;
8110;0.240510;
8120;0.277367;
8130;0.324700;
8140;0.369723;
8150;0.403626;
8160;0.450231;
8170;0.518538;
8180;0.565156;
8190;0.629550;
8200;0.670970;
8210;0.750678;
8220;0.818313;
8230;0.890428;
8240;0.958162;
8250;1.052215;
8260;1.124031;
8270;1.199454;
8280;1.274406;
8290;1.393636;
8300;1.484490;
8310;1.572502;
8320;1.652431;
8330;1.792251;
8340;1.884385;
8350;1.983860;
8360;2.082514;
8370;2.231323;
8380;2.336984;
8390;2.467224;
8400;2.553674;
8410;2.737892;
8420;2.840297;
8430;2.982556;
8440;3.086949;
8450;3.266673;
8460;3.400996;
8470;3.536088;
8480;3.655985;
8490;3.852844;
8500;3.985177;
8510;4.177160;
8520;4.305355;
8530;4.527461;
8540;4.649018;
8550;4.808794;
8560;4.966062;
8570;5.166990;
8580;5.340488;
8590;5.544728;
8600;5.709390;
8610;5.926897;
8620;7.452114;
8630;6.570033;
8640;6.461534;
8650;6.720371;
8660;6.933440;
8670;7.140322;
8680;7.283707;
8690;7.559328;
8700;7.859863;
8710;8.004981;
8720;8.160645;
8730;8.457519;
8740;8.643967;
8750;8.915667;
8760;9.091631;
8770;9.421330;
8780;9.575855;
8790;9.874708;
8800;10.079214;
8810;10.395658;
8820;10.616031;
8830;10.890970;
8840;13.098210;
8850;11.416325;
8860;11.666175;
8870;11.958318;
8880;12.182975;
8890;12.510325;
8900;12.756586;
8910;13.072570;
8920;13.292264;
8930;13.636809;
8940;13.902766;
8950;14.228049;
8960;14.473347;
8970;15.083690;
8980;16.570505;
8990;15.451454;
Seq
10; 0.010355;
20; 0.040576;
30; 0.091367;
40; 0.162440;
50; 0.255266;
60; 0.368077;
70; 0.504134;
80; 0.657658;
90; 0.829869;
100; 1.026920;
110; 1.240618;
120; 1.481575;
130; 1.735628;
140; 2.008710;
150; 2.312808;
160; 2.621470;
170; 2.962834;
180; 3.324191;
190; 3.702076;
200; 4.104296;
210; 4.518020;
220; 4.968683;
230; 5.407479;
240; 5.890730;
250; 6.402770;
260; 6.928539;
270; 7.456856;
280; 8.131051;
290; 8.616841;
300; 9.225263;
310; 9.856244;
320; 10.517081;
330; 11.138215;
340; 11.840815;
350; 12.552345;
360; 13.303773;
370; 14.009593;
380; 14.809563;
390; 15.617356;
400; 16.400806;
410; 17.207553;
420; 18.071951;
430; 18.892294;
440; 19.840065;
450; 20.716672;
460; 21.684282;
470; 22.648951;
480; 23.615189;
490; 24.563417;
500; 25.683665;
510; 26.772761;
520; 27.772030;
530; 28.901688;
540; 29.992950;
550; 31.120452;
560; 32.312882;
570; 33.413086;
580; 34.738820;
590; 35.821022;
600; 37.200198;
610; 38.306651;
620; 39.751490;
630; 41.257194;
640; 42.546931;
650; 43.994566;
660; 45.683908;
670; 46.917009;
680; 48.480555;
690; 49.885528;
700; 51.363036;
710; 53.014127;
720; 54.500318;
730; 56.086378;
740; 57.760816;
750; 59.432244;
760; 60.841312;
770; 62.504289;
780; 64.141913;
790; 65.780432;
800; 67.453036;
810; 69.287910;
820; 70.920081;
830; 72.788129;
840; 74.398349;
850; 76.310651;
860; 77.970447;
870; 80.000672;
880; 81.765051;
890; 83.566903;
900; 85.561826;
910; 87.650685;
920; 89.299952;
930; 91.251558;
940; 93.301654;
950; 95.262284;
960; 97.179225;
970; 99.318964;
980; 101.313758;
990; 103.653018;
