Para
static
1;10;0.000035;
1;20;0.000092;
1;30;0.000250;
1;40;0.000547;
1;50;0.001012;
1;60;0.001740;
1;70;0.002764;
1;80;0.004138;
1;90;0.005850;
1;100;0.008072;
1;110;0.010763;
1;120;0.013843;
1;130;0.017668;
1;140;0.022037;
1;150;0.027100;
1;160;0.033378;
1;170;0.039423;
1;180;0.046844;
1;190;0.054906;
1;200;0.063704;
1;210;0.074429;
1;220;0.085436;
1;230;0.097526;
1;240;0.109929;
1;250;0.125711;
1;260;0.141339;
1;270;0.158640;
1;280;0.177182;
1;290;0.196472;
1;300;0.219144;
1;310;0.241630;
1;320;0.315805;
1;330;0.295747;
1;340;0.348132;
1;350;0.353299;
1;360;0.387280;
1;370;0.419588;
1;380;0.458255;
1;390;0.537669;
1;400;0.544727;
1;410;0.675192;
1;420;0.658783;
1;430;0.721730;
1;440;0.779087;
1;450;0.848073;
1;460;0.921362;
1;470;0.990947;
1;480;1.099167;
1;490;1.156038;
1;500;1.239861;
1;510;1.315904;
1;520;1.435404;
1;530;1.541031;
1;540;1.670820;
1;550;1.790574;
1;560;1.925757;
1;570;2.061652;
1;580;1.914000;
1;590;2.299110;
1;600;2.424010;
1;610;2.223736;
1;620;2.684981;
1;630;2.425625;
1;640;2.879059;
1;650;3.115001;
1;660;3.263320;
1;670;3.421957;
1;680;3.085847;
1;690;3.225591;
1;700;3.785222;
1;710;3.506059;
1;720;3.664584;
1;730;3.809201;
1;740;3.976402;
1;750;4.132518;
1;760;4.296631;
1;770;4.469839;
1;780;4.658893;
1;790;4.825514;
1;800;4.991577;
1;810;5.203003;
1;820;5.408313;
1;830;5.595683;
1;840;5.805933;
1;850;6.015873;
1;860;6.235963;
1;870;6.447180;
1;880;6.677779;
1;890;6.899603;
1;900;7.150377;
1;910;7.374354;
1;920;7.628343;
1;930;7.906506;
1;940;8.166362;
1;950;8.396059;
1;960;8.590918;
1;970;8.939281;
1;980;9.237581;
1;990;9.499344;
2;10;0.000136;
2;20;0.000308;
2;30;0.000809;
2;40;0.001834;
2;50;0.003250;
2;60;0.005880;
2;70;0.008746;
2;80;0.014213;
2;90;0.018447;
2;100;0.027199;
2;110;0.036439;
2;120;0.046224;
2;130;0.058670;
2;140;0.073976;
2;150;0.091516;
2;160;0.112778;
2;170;0.124085;
2;180;0.158214;
2;190;0.173575;
2;200;0.203336;
2;210;0.254205;
2;220;0.270998;
2;230;0.308131;
2;240;0.375599;
2;250;0.420041;
2;260;0.447247;
2;270;0.549136;
2;280;0.594131;
2;290;0.622346;
2;300;0.689203;
2;310;0.759455;
2;320;0.915202;
2;330;0.920960;
2;340;1.041461;
2;350;1.181853;
2;360;1.285023;
2;370;1.300122;
2;380;1.555432;
2;390;1.747731;
2;400;1.813710;
2;410;2.224686;
2;420;2.147381;
2;430;2.355433;
2;440;2.322616;
2;450;2.813391;
2;460;3.015066;
2;470;3.310211;
2;480;3.624381;
2;490;3.806300;
2;500;4.074558;
2;510;4.343189;
2;520;4.122365;
2;530;5.025158;
2;540;5.059749;
2;550;5.799095;
2;560;6.277960;
2;570;6.690815;
2;580;6.933648;
2;590;6.686444;
2;600;7.699581;
2;610;6.472298;
2;620;8.608080;
2;630;8.999965;
2;640;7.579472;
2;650;8.875325;
2;660;10.451549;
2;670;8.699954;
2;680;11.262095;
2;690;10.975979;
2;700;11.040084;
2;710;10.316848;
2;720;10.738829;
2;730;12.438742;
2;740;15.276552;
2;750;13.559813;
2;760;14.124939;
2;770;13.069464;
2;780;15.292624;
2;790;14.178282;
2;800;16.426737;
2;810;17.130684;
2;820;17.634214;
2;830;16.369160;
2;840;19.065521;
2;850;19.807712;
2;860;20.424146;
2;870;21.195490;
2;880;23.024974;
2;890;22.466035;
2;900;20.850865;
2;910;29.492525;
2;920;25.036917;
2;930;25.889518;
2;940;26.289436;
2;950;27.339274;
2;960;27.899138;
2;970;28.720800;
2;980;29.615026;
2;990;30.869006;
3;10;0.000192;
3;20;0.000475;
3;30;0.001281;
3;40;0.002850;
3;50;0.004836;
3;60;0.008509;
3;70;0.014999;
3;80;0.022839;
3;90;0.031254;
3;100;0.041446;
3;110;0.057594;
3;120;0.075596;
3;130;0.089968;
3;140;0.110337;
3;150;0.126043;
3;160;0.164267;
3;170;0.214693;
3;180;0.234726;
3;190;0.276438;
3;200;0.294794;
3;210;0.372827;
3;220;0.461752;
3;230;0.496422;
3;240;0.515161;
3;250;0.664985;
3;260;0.765141;
3;270;0.803851;
3;280;0.822358;
3;290;0.998603;
3;300;1.084242;
3;310;1.277059;
3;320;1.528307;
3;330;1.555724;
3;340;1.508134;
3;350;1.762668;
3;360;1.923422;
3;370;2.095205;
3;380;2.081386;
3;390;2.557632;
3;400;2.674332;
3;410;3.154883;
3;420;3.328115;
3;430;3.456518;
3;440;3.737145;
3;450;3.996209;
3;460;4.354535;
3;470;4.138450;
3;480;4.518938;
3;490;5.616157;
3;500;4.836099;
3;510;6.097328;
3;520;6.840596;
3;530;7.242978;
3;540;7.605830;
3;550;8.305896;
3;560;8.914460;
3;570;7.643693;
3;580;8.055172;
3;590;9.769618;
3;600;11.015212;
3;610;10.290698;
3;620;11.510481;
3;630;9.823271;
3;640;13.468747;
3;650;13.457701;
3;660;11.974505;
3;670;15.404168;
3;680;15.598157;
3;690;15.975540;
3;700;15.521608;
3;710;14.609050;
3;720;14.477387;
3;730;18.479692;
3;740;18.262600;
3;750;19.337500;
3;760;19.714837;
3;770;21.321703;
3;780;18.424009;
3;790;22.239019;
3;800;20.756071;
3;810;24.003929;
3;820;21.387496;
3;830;22.571446;
3;840;28.131214;
3;850;28.114402;
3;860;29.247048;
3;870;30.750188;
3;880;31.890500;
3;890;32.924330;
3;900;34.053676;
3;910;34.621658;
3;920;36.146525;
3;930;32.679395;
3;940;33.743345;
3;950;40.367060;
3;960;35.886081;
3;970;41.249254;
3;980;43.514825;
3;990;45.118761;
4;10;0.000272;
4;20;0.000526;
4;30;0.001376;
4;40;0.002681;
4;50;0.005275;
4;60;0.009081;
4;70;0.014457;
4;80;0.019562;
4;90;0.031637;
4;100;0.037807;
4;110;0.055529;
4;120;0.072033;
4;130;0.094060;
4;140;0.103967;
4;150;0.126689;
4;160;0.169070;
4;170;0.203298;
4;180;0.240826;
4;190;0.283568;
4;200;0.328605;
4;210;0.371361;
4;220;0.439544;
4;230;0.520281;
4;240;0.550228;
4;250;0.624280;
4;260;0.659111;
4;270;0.788289;
4;280;0.872889;
4;290;1.016202;
4;300;1.126338;
4;310;1.125769;
4;320;1.304706;
4;330;1.509078;
4;340;1.661845;
4;350;1.810653;
4;360;1.782203;
4;370;2.168906;
4;380;2.296546;
4;390;2.465956;
4;400;2.460218;
4;410;3.198126;
4;420;2.880640;
4;430;3.413391;
4;440;3.748562;
4;450;3.823483;
4;460;4.230752;
4;470;4.637521;
4;480;4.520925;
4;490;5.638898;
4;500;5.837632;
4;510;5.924693;
4;520;6.506153;
4;530;6.943417;
4;540;6.689137;
4;550;7.906993;
4;560;8.655109;
4;570;8.323311;
4;580;8.501806;
4;590;8.954446;
4;600;9.283548;
4;610;10.543164;
4;620;9.679030;
4;630;10.794862;
4;640;11.720582;
4;650;13.430693;
4;660;13.373289;
4;670;12.266641;
4;680;12.862592;
4;690;14.590691;
4;700;15.299201;
4;710;15.743974;
4;720;17.215315;
4;730;17.314448;
4;740;18.722205;
4;750;17.159925;
4;760;18.831407;
4;770;20.048625;
4;780;20.866261;
4;790;23.588142;
4;800;23.610064;
4;810;24.599001;
4;820;22.441940;
4;830;25.149124;
4;840;23.754762;
4;850;27.418696;
4;860;27.665712;
4;870;28.274272;
4;880;31.450289;
4;890;28.784930;
4;900;29.293952;
4;910;34.787007;
4;920;36.145805;
4;930;34.525492;
4;940;33.778060;
4;950;37.672049;
4;960;39.214218;
4;970;43.756241;
4;980;37.846413;
4;990;43.064894;
5;10;0.000306;
5;20;0.000599;
5;30;0.001450;
5;40;0.003150;
5;50;0.005872;
5;60;0.009141;
5;70;0.015404;
5;80;0.021586;
5;90;0.028842;
5;100;0.039719;
5;110;0.057607;
5;120;0.071623;
5;130;0.087123;
5;140;0.121511;
5;150;0.138344;
5;160;0.160326;
5;170;0.200492;
5;180;0.238510;
5;190;0.286644;
5;200;0.325291;
5;210;0.409953;
5;220;0.416562;
5;230;0.541580;
5;240;0.559577;
5;250;0.635009;
5;260;0.690042;
5;270;0.805036;
5;280;0.896281;
5;290;1.014028;
5;300;1.127662;
5;310;1.185981;
5;320;1.443655;
5;330;1.435045;
5;340;1.609998;
5;350;1.927294;
5;360;2.083709;
5;370;2.282285;
5;380;2.493039;
5;390;2.530448;
5;400;2.723825;
5;410;3.401300;
5;420;3.233035;
5;430;3.285361;
5;440;3.688493;
5;450;4.035862;
5;460;4.349606;
5;470;4.680933;
5;480;5.065749;
5;490;5.782334;
5;500;5.375862;
5;510;6.015020;
5;520;6.943933;
5;530;6.956996;
5;540;7.507142;
5;550;8.574024;
5;560;7.938985;
5;570;9.677562;
5;580;9.688972;
5;590;8.836100;
5;600;9.539133;
5;610;10.050436;
5;620;13.678890;
5;630;10.676655;
5;640;11.900374;
5;650;12.694870;
5;660;14.068333;
5;670;16.246412;
5;680;13.808457;
5;690;15.952313;
5;700;15.128013;
5;710;15.876627;
5;720;16.622465;
5;730;17.240487;
5;740;17.886012;
5;750;18.123410;
5;760;19.292545;
5;770;20.152405;
5;780;20.874045;
5;790;21.801422;
5;800;25.055329;
5;810;23.514146;
5;820;23.581489;
5;830;25.333764;
5;840;28.873878;
5;850;27.031323;
5;860;31.153242;
5;870;29.173525;
5;880;29.980383;
5;890;34.611839;
5;900;32.190497;
5;910;33.211404;
5;920;34.125660;
5;930;35.365472;
5;940;36.788782;
5;950;36.445311;
5;960;38.895339;
5;970;40.540765;
5;980;46.062669;
5;990;41.496254;
6;10;0.000318;
6;20;0.000634;
6;30;0.001626;
6;40;0.003116;
6;50;0.005926;
6;60;0.009676;
6;70;0.014812;
6;80;0.022097;
6;90;0.033161;
6;100;0.043675;
6;110;0.063422;
6;120;0.081858;
6;130;0.097496;
6;140;0.129115;
6;150;0.148360;
6;160;0.193135;
6;170;0.229910;
6;180;0.254123;
6;190;0.298471;
6;200;0.343370;
6;210;0.407847;
6;220;0.455478;
6;230;0.534340;
6;240;0.604965;
6;250;0.669962;
6;260;0.822918;
6;270;0.846910;
6;280;0.941092;
6;290;1.051421;
6;300;1.147250;
6;310;1.335808;
6;320;1.561630;
6;330;1.616313;
6;340;1.920569;
6;350;1.862768;
6;360;2.074637;
6;370;2.250842;
6;380;2.503237;
6;390;2.976169;
6;400;3.082975;
6;410;3.255737;
6;420;3.505009;
6;430;3.556997;
6;440;4.024435;
6;450;4.387470;
6;460;4.795646;
6;470;4.825474;
6;480;5.432629;
6;490;5.091059;
6;500;6.517615;
6;510;6.645131;
6;520;7.253049;
6;530;7.715036;
6;540;7.648912;
6;550;8.541838;
6;560;9.104380;
6;570;11.820790;
6;580;10.383852;
6;590;10.615178;
6;600;11.528739;
6;610;12.027811;
6;620;12.756333;
6;630;11.589855;
6;640;14.655986;
6;650;14.602686;
6;660;15.652787;
6;670;13.535104;
6;680;14.703729;
6;690;16.569133;
6;700;16.859580;
6;710;16.919880;
6;720;17.129119;
6;730;17.853497;
6;740;19.588215;
6;750;19.236721;
6;760;21.198827;
6;770;21.932161;
6;780;22.007970;
6;790;22.637455;
6;800;23.485173;
6;810;27.360400;
6;820;26.669370;
6;830;29.581623;
6;840;30.402116;
6;850;28.249410;
6;860;31.976596;
6;870;31.162832;
6;880;30.764134;
6;890;32.640969;
6;900;33.072955;
6;910;35.553014;
6;920;36.373549;
6;930;38.492333;
6;940;37.911722;
6;950;39.195622;
6;960;41.662415;
6;970;43.043482;
6;980;44.392793;
6;990;49.549232;
7;10;0.000377;
7;20;0.000727;
7;30;0.001713;
7;40;0.003754;
7;50;0.007634;
7;60;0.011804;
7;70;0.016771;
7;80;0.026522;
7;90;0.036883;
7;100;0.049557;
7;110;0.066241;
7;120;0.089097;
7;130;0.108278;
7;140;0.138628;
7;150;0.171501;
7;160;0.198350;
7;170;0.238758;
7;180;0.294586;
7;190;0.333965;
7;200;0.396465;
7;210;0.442882;
7;220;0.537286;
7;230;0.630898;
7;240;0.668108;
7;250;0.793334;
7;260;0.896680;
7;270;0.990404;
7;280;1.123634;
7;290;1.236768;
7;300;1.375913;
7;310;1.457714;
7;320;1.820617;
7;330;1.847238;
7;340;2.116161;
7;350;2.204245;
7;360;2.362101;
7;370;2.595886;
7;380;2.727187;
7;390;3.061657;
7;400;3.289600;
7;410;3.731194;
7;420;4.023014;
7;430;4.019065;
7;440;4.748455;
7;450;4.848252;
7;460;5.060043;
7;470;5.623933;
7;480;6.073181;
7;490;6.499818;
7;500;6.955283;
7;510;7.475005;
7;520;7.887596;
7;530;8.581076;
7;540;8.671428;
7;550;9.399900;
7;560;9.462712;
7;570;10.660848;
7;580;9.845877;
7;590;10.183673;
7;600;12.075979;
7;610;11.995195;
7;620;13.505742;
7;630;14.675854;
7;640;13.289136;
7;650;13.983624;
7;660;15.291337;
7;670;17.997457;
7;680;17.884591;
7;690;19.742002;
7;700;18.905739;
7;710;18.832029;
7;720;20.146401;
7;730;19.561527;
7;740;21.750225;
7;750;21.762386;
7;760;22.778264;
7;770;24.528594;
7;780;26.031525;
7;790;25.646071;
7;800;26.486756;
7;810;28.368661;
7;820;29.589387;
7;830;29.617857;
7;840;32.294666;
7;850;32.432834;
7;860;33.873769;
7;870;35.945969;
7;880;37.455793;
7;890;36.502400;
7;900;39.470895;
7;910;40.440213;
7;920;39.435397;
7;930;41.459193;
7;940;45.330251;
7;950;45.760511;
7;960;44.582037;
7;970;49.208961;
7;980;50.020618;
7;990;50.761900;
8;10;0.001093;
8;20;0.000750;
8;30;0.004312;
8;40;0.004798;
8;50;0.006656;
8;60;0.012036;
8;70;0.018152;
8;80;0.027668;
8;90;0.038904;
8;100;0.052535;
8;110;0.073296;
8;120;0.091550;
8;130;0.113327;
8;140;0.142533;
8;150;0.177067;
8;160;0.212373;
8;170;0.257934;
8;180;0.294658;
8;190;0.346083;
8;200;0.411257;
8;210;0.500074;
8;220;0.571114;
8;230;0.650032;
8;240;0.733297;
8;250;0.795084;
8;260;0.929169;
8;270;1.038035;
8;280;1.127583;
8;290;1.281328;
8;300;1.464313;
8;310;1.555458;
8;320;1.851306;
8;330;1.898685;
8;340;2.119170;
8;350;2.259787;
8;360;2.433372;
8;370;2.689368;
8;380;2.854517;
8;390;3.250040;
8;400;3.337293;
8;410;3.883060;
8;420;4.064924;
8;430;3.987087;
8;440;4.400698;
8;450;5.104208;
8;460;5.482683;
8;470;5.609070;
8;480;6.233304;
8;490;6.757082;
8;500;7.398413;
8;510;7.842346;
8;520;8.407595;
8;530;8.815720;
8;540;8.533094;
8;550;9.344896;
8;560;10.071562;
8;570;9.683714;
8;580;10.584746;
8;590;12.878846;
8;600;13.082897;
8;610;14.263872;
8;620;13.575460;
8;630;14.365471;
8;640;15.647622;
8;650;15.615841;
8;660;16.200956;
8;670;18.032508;
8;680;19.879536;
8;690;19.375265;
8;700;19.511550;
8;710;19.291882;
8;720;20.197006;
8;730;22.019133;
8;740;23.244949;
8;750;24.319209;
8;760;23.766874;
8;770;24.696149;
8;780;24.811010;
8;790;26.638647;
8;800;27.646700;
8;810;29.766995;
8;820;29.776832;
8;830;30.927788;
8;840;32.716702;
8;850;35.148878;
8;860;35.736768;
8;870;37.923922;
8;880;38.136095;
8;890;39.076530;
8;900;41.299069;
8;910;43.359563;
8;920;42.136398;
8;930;45.574306;
8;940;47.266571;
8;950;46.326156;
8;960;64.362548;
8;970;50.620973;
8;980;53.265613;
8;990;52.433300;
dynamic
110;0.000030;
120;0.000100;
130;0.000244;
140;0.000527;
150;0.001020;
160;0.001753;
170;0.002784;
180;0.004133;
190;0.005894;
1100;0.008046;
1110;0.010739;
1120;0.013934;
1130;0.017637;
1140;0.021955;
1150;0.027033;
1160;0.032992;
1170;0.039615;
1180;0.046667;
1190;0.054796;
1200;0.063761;
1210;0.074917;
1220;0.085435;
1230;0.097588;
1240;0.110027;
1250;0.125863;
1260;0.141085;
1270;0.159959;
1280;0.176278;
1290;0.197895;
1300;0.218483;
1310;0.242739;
1320;0.312958;
1330;0.294242;
1340;0.343886;
1350;0.352721;
1360;0.380234;
1370;0.422080;
1380;0.462496;
1390;0.534782;
1400;0.537863;
1410;0.672069;
1420;0.657327;
1430;0.721679;
1440;0.781245;
1450;0.848563;
1460;0.917748;
1470;0.992053;
1480;1.098979;
1490;1.149979;
1500;1.239650;
1510;1.325011;
1520;1.437197;
1530;1.545866;
1540;1.676104;
1550;1.793025;
1560;1.721162;
1570;2.061054;
1580;2.181274;
1590;2.012283;
1600;2.422640;
1610;2.219149;
1620;2.682019;
1630;2.814706;
1640;2.555577;
1650;2.737293;
1660;2.823787;
1670;2.947103;
1680;3.136087;
1690;3.223579;
1700;3.916806;
1710;3.527954;
1720;3.657838;
1730;3.807427;
1740;3.976573;
1750;4.129473;
1760;4.297953;
1770;4.474391;
1780;4.654731;
1790;4.826356;
1800;4.991491;
1810;5.204311;
1820;5.420841;
1830;5.599781;
1840;5.803103;
1850;6.008805;
1860;6.242759;
1870;6.449196;
1880;6.674975;
1890;6.900938;
1900;7.146896;
1910;7.375204;
1920;7.636413;
1930;7.875646;
1940;8.151119;
1950;8.395147;
1960;8.590174;
1970;8.944011;
1980;9.238293;
1990;9.512507;
210;0.000151;
220;0.000311;
230;0.000854;
240;0.001708;
250;0.003552;
260;0.005551;
270;0.008801;
280;0.013751;
290;0.019531;
2100;0.026988;
2110;0.035833;
2120;0.043768;
2130;0.060390;
2140;0.074167;
2150;0.090439;
2160;0.112662;
2170;0.134457;
2180;0.157548;
2190;0.188838;
2200;0.215835;
2210;0.256906;
2220;0.287569;
2230;0.329653;
2240;0.373075;
2250;0.384986;
2260;0.478773;
2270;0.523921;
2280;0.585697;
2290;0.672375;
2300;0.745349;
2310;0.829414;
2320;1.709019;
2330;0.984538;
2340;1.151786;
2350;1.178856;
2360;1.192968;
2370;1.392203;
2380;1.423242;
2390;1.755308;
2400;1.822977;
2410;1.964820;
2420;2.156074;
2430;2.363662;
2440;2.606075;
2450;2.494015;
2460;3.043022;
2470;3.277582;
2480;3.639983;
2490;3.359815;
2500;3.590628;
2510;4.332678;
2520;4.134282;
2530;5.109869;
2540;5.430657;
2550;5.873792;
2560;6.289146;
2570;6.692962;
2580;6.997729;
2590;7.437326;
2600;6.937770;
2610;8.218606;
2620;8.663947;
2630;7.184038;
2640;9.405614;
2650;9.848784;
2660;10.489889;
2670;10.950354;
2680;9.886755;
2690;10.771707;
2700;11.776927;
2710;11.580754;
2720;12.006948;
2730;12.601720;
2740;11.591547;
2750;12.073924;
2760;14.028646;
2770;14.732429;
2780;15.213321;
2790;15.521197;
2800;16.263467;
2810;17.109122;
2820;15.824269;
2830;18.505257;
2840;18.934128;
2850;19.576696;
2860;20.332874;
2870;21.240492;
2880;21.438494;
2890;20.166139;
2900;23.398961;
2910;24.070082;
2920;25.136049;
2930;25.879786;
2940;26.147228;
2950;27.423324;
2960;28.114315;
2970;28.884536;
2980;30.047605;
2990;30.541024;
310;0.000233;
320;0.000510;
330;0.001293;
340;0.002897;
350;0.005407;
360;0.009410;
370;0.013117;
380;0.021828;
390;0.032180;
3100;0.037737;
3110;0.053739;
3120;0.070720;
3130;0.089764;
3140;0.111799;
3150;0.148805;
3160;0.173911;
3170;0.210645;
3180;0.238621;
3190;0.281888;
3200;0.337441;
3210;0.394906;
3220;0.397871;
3230;0.453811;
3240;0.558865;
3250;0.639220;
3260;0.769207;
3270;0.732328;
3280;0.903648;
3290;0.916317;
3300;1.177638;
3310;1.216281;
3320;1.528106;
3330;1.472001;
3340;1.655349;
3350;1.612106;
3360;1.882320;
3370;2.108450;
3380;2.296962;
3390;2.588647;
3400;2.683795;
3410;2.772772;
3420;3.372936;
3430;3.457032;
3440;3.729390;
3450;4.057291;
3460;4.319596;
3470;4.151089;
3480;5.287644;
3490;5.563294;
3500;5.081393;
3510;5.400468;
3520;6.653266;
3530;7.413910;
3540;7.601876;
3550;8.022119;
3560;7.509225;
3570;9.194937;
3580;8.386874;
3590;9.717293;
3600;10.605281;
3610;11.189795;
3620;11.056471;
3630;10.861990;
3640;12.108824;
3650;12.838609;
3660;13.498869;
3670;14.097515;
3680;13.658998;
3690;16.805952;
3700;16.766612;
3710;16.775305;
3720;16.973324;
3730;17.993514;
3740;16.423023;
3750;16.760497;
3760;20.281917;
3770;22.008211;
3780;22.204948;
3790;20.035921;
3800;23.867430;
3810;24.631912;
3820;25.265636;
3830;26.662907;
3840;27.402835;
3850;28.610810;
3860;29.634004;
3870;26.794302;
3880;30.998054;
3890;33.188405;
3900;34.208645;
3910;30.564707;
3920;36.619729;
3930;32.610492;
3940;38.534212;
3950;34.790831;
3960;40.882316;
3970;42.193449;
3980;43.661061;
3990;45.368992;
410;0.000322;
420;0.000582;
430;0.001310;
440;0.002833;
450;0.005669;
460;0.009279;
470;0.014469;
480;0.022105;
490;0.031288;
4100;0.041537;
4110;0.054985;
4120;0.072139;
4130;0.090757;
4140;0.113781;
4150;0.140270;
4160;0.169969;
4170;0.196865;
4180;0.232339;
4190;0.283303;
4200;0.299790;
4210;0.383918;
4220;0.440913;
4230;0.501654;
4240;0.573174;
4250;0.590042;
4260;0.749516;
4270;0.740104;
4280;0.910694;
4290;0.922825;
4300;1.023719;
4310;1.131789;
4320;1.429615;
4330;1.443796;
4340;1.700485;
4350;1.786030;
4360;1.994146;
4370;2.163631;
4380;2.334026;
4390;2.533869;
4400;2.729797;
4410;2.768075;
4420;4.168379;
4430;3.108972;
4440;3.358802;
4450;3.615569;
4460;3.889627;
4470;6.013095;
4480;5.202858;
4490;4.746873;
4500;5.100984;
4510;6.226116;
4520;6.668072;
4530;6.251427;
4540;7.398398;
4550;8.127271;
4560;8.436143;
4570;8.478160;
4580;8.590683;
4590;8.963813;
4600;8.874088;
4610;9.262974;
4620;10.411240;
4630;14.857888;
4640;12.932636;
4650;11.183202;
4660;12.662677;
4670;14.093241;
4680;14.056852;
4690;16.659822;
4700;13.794995;
4710;16.016107;
4720;16.915520;
4730;18.035474;
4740;16.487197;
4750;18.566318;
4760;20.595859;
4770;18.360328;
4780;21.148575;
4790;20.053035;
4800;22.485828;
4810;24.767541;
4820;24.197938;
4830;26.861620;
4840;26.015058;
4850;26.976892;
4860;25.559244;
4870;29.379767;
4880;30.269855;
4890;31.008631;
4900;29.961361;
4910;33.095407;
4920;34.197913;
4930;35.387667;
4940;35.754317;
4950;36.815440;
4960;35.843077;
4970;42.179817;
4980;43.629421;
4990;42.580197;
510;0.000312;
520;0.000585;
530;0.001476;
540;0.002920;
550;0.005299;
560;0.008680;
570;0.015512;
580;0.020516;
590;0.030728;
5100;0.044747;
5110;0.053105;
5120;0.076434;
5130;0.089359;
5140;0.114808;
5150;0.133098;
5160;0.170271;
5170;0.194450;
5180;0.260700;
5190;0.285145;
5200;0.324386;
5210;0.362085;
5220;0.442501;
5230;0.507897;
5240;0.571797;
5250;0.651447;
5260;0.782222;
5270;0.825149;
5280;0.875390;
5290;1.095026;
5300;1.122428;
5310;1.247452;
5320;1.386480;
5330;1.442787;
5340;1.819476;
5350;1.772586;
5360;1.874880;
5370;2.288347;
5380;2.198148;
5390;2.772636;
5400;2.598793;
5410;3.113850;
5420;3.480839;
5430;3.749956;
5440;3.701886;
5450;3.981704;
5460;4.270470;
5470;4.619318;
5480;5.531930;
5490;5.248896;
5500;5.391083;
5510;6.031981;
5520;6.265735;
5530;7.072737;
5540;7.564191;
5550;8.106903;
5560;7.551185;
5570;9.227240;
5580;8.916882;
5590;9.082543;
5600;9.530906;
5610;12.180306;
5620;10.642374;
5630;12.134509;
5640;12.123108;
5650;12.285890;
5660;14.019962;
5670;14.654401;
5680;15.338022;
5690;16.280857;
5700;17.099579;
5710;17.612645;
5720;18.237589;
5730;17.410752;
5740;18.072370;
5750;20.824824;
5760;19.423615;
5770;22.438917;
5780;20.896407;
5790;21.673025;
5800;25.133788;
5810;23.509055;
5820;23.673381;
5830;28.846031;
5840;26.072259;
5850;26.429729;
5860;27.453273;
5870;32.321241;
5880;29.981486;
5890;31.218030;
5900;32.401300;
5910;44.688973;
5920;33.634522;
5930;34.316863;
5940;35.524129;
5950;36.822244;
5960;44.652539;
5970;44.638715;
5980;41.663115;
5990;47.865302;
610;0.000359;
620;0.000654;
630;0.001573;
640;0.003164;
650;0.005893;
660;0.009508;
670;0.016301;
680;0.022813;
690;0.032763;
6100;0.044334;
6110;0.056844;
6120;0.073017;
6130;0.096843;
6140;0.121601;
6150;0.145872;
6160;0.177455;
6170;0.215484;
6180;0.252973;
6190;0.295517;
6200;0.375674;
6210;0.432915;
6220;0.468320;
6230;0.567804;
6240;0.601004;
6250;0.686413;
6260;0.756738;
6270;0.875520;
6280;0.959038;
6290;1.072215;
6300;1.191545;
6310;1.282703;
6320;1.562089;
6330;1.614520;
6340;1.729003;
6350;1.906660;
6360;2.017212;
6370;2.268185;
6380;2.382059;
6390;2.773055;
6400;3.091787;
6410;3.332444;
6420;3.341154;
6430;3.968265;
6440;4.305900;
6450;4.258612;
6460;4.998174;
6470;5.282974;
6480;5.858841;
6490;6.139748;
6500;6.558545;
6510;6.604871;
6520;6.724582;
6530;7.510510;
6540;7.954866;
6550;8.607779;
6560;8.485473;
6570;9.846925;
6580;10.117460;
6590;10.679465;
6600;10.473469;
6610;10.965693;
6620;12.642179;
6630;13.027257;
6640;13.767476;
6650;14.484418;
6660;17.325749;
6670;16.036012;
6680;14.270401;
6690;17.578475;
6700;16.506230;
6710;16.910426;
6720;19.379794;
6730;18.809896;
6740;19.346593;
6750;19.377712;
6760;20.441278;
6770;20.805744;
6780;21.397613;
6790;24.848812;
6800;23.432730;
6810;27.076625;
6820;26.533034;
6830;29.577842;
6840;30.793272;
6850;28.193303;
6860;29.322026;
6870;31.048215;
6880;31.263630;
6890;32.015180;
6900;34.323953;
6910;34.348086;
6920;35.769111;
6930;36.880497;
6940;40.237854;
6950;41.006553;
6960;40.759442;
6970;41.262090;
6980;43.253548;
6990;46.555964;
710;0.001666;
720;0.000706;
730;0.004033;
740;0.004161;
750;0.008026;
760;0.012137;
770;0.018878;
780;0.027263;
790;0.034709;
7100;0.049377;
7110;0.063509;
7120;0.082188;
7130;0.102849;
7140;0.135463;
7150;0.168762;
7160;0.206343;
7170;0.247414;
7180;0.288663;
7190;0.330759;
7200;0.376212;
7210;0.468911;
7220;0.552004;
7230;0.592440;
7240;0.664029;
7250;0.741503;
7260;0.857308;
7270;0.897889;
7280;0.896850;
7290;1.042241;
7300;1.307896;
7310;1.506073;
7320;1.823584;
7330;1.793393;
7340;1.966430;
7350;2.272051;
7360;2.231372;
7370;2.524283;
7380;2.818025;
7390;3.199176;
7400;3.239436;
7410;3.699823;
7420;3.474422;
7430;4.017572;
7440;4.469018;
7450;5.010170;
7460;5.341780;
7470;5.653121;
7480;6.011685;
7490;6.134864;
7500;7.004321;
7510;7.450540;
7520;7.425658;
7530;8.630430;
7540;8.613879;
7550;9.457770;
7560;9.249045;
7570;9.757201;
7580;10.976952;
7590;11.674115;
7600;11.736881;
7610;12.023368;
7620;12.108506;
7630;13.007881;
7640;14.453138;
7650;15.361525;
7660;14.551929;
7670;17.746299;
7680;16.005584;
7690;18.286684;
7700;17.817000;
7710;19.327219;
7720;19.816663;
7730;20.608242;
7740;21.391321;
7750;21.266280;
7760;23.789336;
7770;24.308838;
7780;24.828954;
7790;26.415651;
7800;27.096610;
7810;28.118511;
7820;29.613984;
7830;28.800249;
7840;31.380926;
7850;30.846953;
7860;34.034381;
7870;36.154333;
7880;34.746669;
7890;37.433990;
7900;39.787747;
7910;40.541516;
7920;42.757322;
7930;42.120575;
7940;44.207353;
7950;46.095241;
7960;47.729670;
7970;50.174135;
7980;47.571521;
7990;51.481087;
810;0.003133;
820;0.003351;
830;0.003013;
840;0.006125;
850;0.007003;
860;0.011613;
870;0.020077;
880;0.026310;
890;0.039722;
8100;0.052454;
8110;0.070495;
8120;0.090243;
8130;0.115270;
8140;0.143084;
8150;0.177888;
8160;0.209687;
8170;0.262261;
8180;0.299477;
8190;0.347726;
8200;0.416955;
8210;0.469153;
8220;0.544825;
8230;0.633225;
8240;0.728359;
8250;0.798792;
8260;0.927964;
8270;1.015141;
8280;1.115477;
8290;1.283216;
8300;1.454421;
8310;1.520873;
8320;1.774699;
8330;1.897849;
8340;2.067236;
8350;2.245554;
8360;3.131203;
8370;2.738453;
8380;2.848063;
8390;3.128479;
8400;3.437760;
8410;3.906071;
8420;4.172896;
8430;4.388334;
8440;4.747559;
8450;5.232231;
8460;5.465057;
8470;6.031138;
8480;6.367055;
8490;6.740429;
8500;7.130560;
8510;7.674117;
8520;8.217699;
8530;8.278051;
8540;8.648919;
8550;9.048728;
8560;10.499423;
8570;11.348804;
8580;11.071967;
8590;12.037225;
8600;13.092909;
8610;13.718188;
8620;14.421409;
8630;15.455172;
8640;16.074915;
8650;16.022359;
8660;16.238007;
8670;19.005200;
8680;17.846291;
8690;19.613048;
8700;18.158286;
8710;19.838173;
8720;21.484351;
8730;21.853099;
8740;21.943461;
8750;24.293578;
8760;24.694125;
8770;25.568715;
8780;26.365093;
8790;26.308705;
8800;28.656461;
8810;30.592283;
8820;31.232521;
8830;32.088034;
8840;33.154044;
8850;28.809475;
8860;36.622978;
8870;37.051938;
8880;38.017400;
8890;39.457937;
8900;40.491967;
8910;42.177283;
8920;43.546984;
8930;46.287935;
8940;45.935807;
8950;47.913968;
8960;49.485823;
8970;49.330327;
8980;52.478451;
8990;55.567236;
guided
1;10;0.000033;
1;20;0.000088;
1;30;0.000238;
1;40;0.000528;
1;50;0.001016;
1;60;0.001735;
1;70;0.002802;
1;80;0.004131;
1;90;0.005914;
1;100;0.008118;
1;110;0.010725;
1;120;0.013891;
1;130;0.017641;
1;140;0.022017;
1;150;0.027035;
1;160;0.032800;
1;170;0.039421;
1;180;0.046665;
1;190;0.054883;
1;200;0.063724;
1;210;0.074411;
1;220;0.085338;
1;230;0.097485;
1;240;0.109945;
1;250;0.126090;
1;260;0.140961;
1;270;0.159925;
1;280;0.177439;
1;290;0.197932;
1;300;0.218330;
1;310;0.243801;
1;320;0.312461;
1;330;0.294854;
1;340;0.343789;
1;350;0.350610;
1;360;0.383169;
1;370;0.416776;
1;380;0.457886;
1;390;0.531368;
1;400;0.531781;
1;410;0.670240;
1;420;0.659800;
1;430;0.715272;
1;440;0.780577;
1;450;0.848137;
1;460;0.920756;
1;470;0.992376;
1;480;1.101037;
1;490;1.153977;
1;500;1.239724;
1;510;1.324904;
1;520;1.439969;
1;530;1.558368;
1;540;1.542455;
1;550;1.624782;
1;560;1.924862;
1;570;2.063517;
1;580;2.182126;
1;590;2.297268;
1;600;2.131751;
1;610;2.548422;
1;620;2.682832;
1;630;2.809380;
1;640;2.558656;
1;650;3.114229;
1;660;2.829341;
1;670;2.948547;
1;680;3.097876;
1;690;3.272212;
1;700;3.366502;
1;710;3.505286;
1;720;3.654977;
1;730;3.809279;
1;740;3.982985;
1;750;4.132793;
1;760;4.298396;
1;770;4.472673;
1;780;4.654533;
1;790;4.832401;
1;800;5.028832;
1;810;5.200481;
1;820;5.407663;
1;830;5.596490;
1;840;5.842664;
1;850;6.014888;
1;860;6.236661;
1;870;6.448056;
1;880;6.675965;
1;890;6.905601;
1;900;7.151308;
1;910;7.376696;
1;920;7.628926;
1;930;7.875980;
1;940;8.145534;
1;950;8.399261;
1;960;8.571354;
1;970;8.943002;
1;980;9.236053;
1;990;9.501198;
2;10;0.000184;
2;20;0.000312;
2;30;0.000768;
2;40;0.001759;
2;50;0.003543;
2;60;0.005512;
2;70;0.009621;
2;80;0.013808;
2;90;0.019689;
2;100;0.025684;
2;110;0.035988;
2;120;0.046972;
2;130;0.059027;
2;140;0.074298;
2;150;0.085516;
2;160;0.112220;
2;170;0.124222;
2;180;0.157454;
2;190;0.183515;
2;200;0.214155;
2;210;0.249527;
2;220;0.294517;
2;230;0.309004;
2;240;0.379289;
2;250;0.425593;
2;260;0.448215;
2;270;0.499235;
2;280;0.598575;
2;290;0.660266;
2;300;0.745225;
2;310;0.811643;
2;320;1.040670;
2;330;0.915092;
2;340;1.140514;
2;350;1.197916;
2;360;1.276749;
2;370;1.391076;
2;380;1.525519;
2;390;1.764686;
2;400;1.843892;
2;410;2.212088;
2;420;2.207780;
2;430;2.366055;
2;440;2.603553;
2;450;2.501654;
2;460;2.689671;
2;470;3.285724;
2;480;3.632324;
2;490;3.335962;
2;500;4.075654;
2;510;4.339814;
2;520;4.123244;
2;530;5.113847;
2;540;4.728022;
2;550;5.885646;
2;560;5.334521;
2;570;6.693370;
2;580;6.326711;
2;590;7.410746;
2;600;7.819505;
2;610;7.337696;
2;620;7.303213;
2;630;8.953373;
2;640;8.041542;
2;650;10.008410;
2;660;8.790157;
2;670;9.734334;
2;680;11.222569;
2;690;9.459650;
2;700;10.859238;
2;710;11.559190;
2;720;11.980549;
2;730;21.373041;
2;740;13.023630;
2;750;13.602444;
2;760;14.114283;
2;770;14.724560;
2;780;15.295926;
2;790;14.205151;
2;800;16.174200;
2;810;15.212050;
2;820;15.874302;
2;830;18.449496;
2;840;25.375315;
2;850;19.782128;
2;860;20.425205;
2;870;20.970576;
2;880;21.910537;
2;890;20.300979;
2;900;23.492461;
2;910;21.676280;
2;920;29.257410;
2;930;25.437575;
2;940;26.880575;
2;950;36.679063;
2;960;28.147955;
2;970;29.454541;
2;980;30.313427;
2;990;30.680209;
3;10;0.000190;
3;20;0.000480;
3;30;0.001299;
3;40;0.002704;
3;50;0.005357;
3;60;0.008141;
3;70;0.014733;
3;80;0.021653;
3;90;0.031425;
3;100;0.042518;
3;110;0.056494;
3;120;0.064159;
3;130;0.092018;
3;140;0.115097;
3;150;0.140592;
3;160;0.172340;
3;170;0.204422;
3;180;0.236621;
3;190;0.272397;
3;200;0.389166;
3;210;0.391806;
3;220;0.431743;
3;230;0.511440;
3;240;0.577883;
3;250;0.573465;
3;260;0.876985;
3;270;0.844368;
3;280;0.810351;
3;290;1.018917;
3;300;0.998775;
3;310;1.094090;
3;320;1.507019;
3;330;1.491342;
3;340;1.733550;
3;350;1.790829;
3;360;1.865701;
3;370;2.515157;
3;380;2.330832;
3;390;2.646570;
3;400;2.375922;
3;410;2.705680;
3;420;3.205222;
3;430;3.006015;
3;440;3.266634;
3;450;4.168740;
3;460;4.343156;
3;470;4.730748;
3;480;5.246425;
3;490;5.342614;
3;500;5.733934;
3;510;6.306284;
3;520;6.757075;
3;530;7.351521;
3;540;7.790525;
3;550;7.611157;
3;560;8.742997;
3;570;9.363605;
3;580;10.073109;
3;590;10.400644;
3;600;9.109148;
3;610;11.548627;
3;620;12.178505;
3;630;11.494638;
3;640;12.465451;
3;650;13.711541;
3;660;13.199120;
3;670;12.373927;
3;680;15.371871;
3;690;16.788672;
3;700;16.188751;
3;710;16.828685;
3;720;16.864348;
3;730;18.425336;
3;740;18.193906;
3;750;19.760496;
3;760;16.994445;
3;770;20.505813;
3;780;22.270038;
3;790;22.081569;
3;800;36.315063;
3;810;24.229072;
3;820;25.654535;
3;830;26.194745;
3;840;24.062822;
3;850;28.477719;
3;860;29.170029;
3;870;26.719110;
3;880;35.401477;
3;890;32.661629;
3;900;33.449320;
3;910;30.620009;
3;920;35.743668;
3;930;43.165105;
3;940;38.627469;
3;950;34.843000;
3;960;41.207729;
3;970;37.128379;
3;980;61.888346;
3;990;38.416804;
4;10;0.000235;
4;20;0.000543;
4;30;0.001406;
4;40;0.002884;
4;50;0.005476;
4;60;0.008845;
4;70;0.013632;
4;80;0.020967;
4;90;0.030291;
4;100;0.041716;
4;110;0.055465;
4;120;0.071867;
4;130;0.091118;
4;140;0.103935;
4;150;0.139682;
4;160;0.168699;
4;170;0.204134;
4;180;0.248178;
4;190;0.284039;
4;200;0.332163;
4;210;0.371713;
4;220;0.442259;
4;230;0.501541;
4;240;0.570310;
4;250;0.645474;
4;260;0.662451;
4;270;0.815189;
4;280;0.830842;
4;290;1.016319;
4;300;1.011814;
4;310;1.244821;
4;320;1.495677;
4;330;1.354892;
4;340;1.603101;
4;350;1.809261;
4;360;1.939558;
4;370;2.041394;
4;380;2.313675;
4;390;2.605379;
4;400;2.439381;
4;410;2.800200;
4;420;2.876223;
4;430;3.404549;
4;440;3.568547;
4;450;3.939858;
4;460;4.311833;
4;470;4.568480;
4;480;4.525958;
4;490;5.489829;
4;500;5.853999;
4;510;5.947237;
4;520;6.482305;
4;530;7.141159;
4;540;6.448998;
4;550;9.294355;
4;560;7.582551;
4;570;8.971920;
4;580;9.074056;
4;590;9.550495;
4;600;9.408317;
4;610;11.068872;
4;620;10.348357;
4;630;10.945319;
4;640;11.651631;
4;650;13.460569;
4;660;13.801770;
4;670;14.091476;
4;680;12.660584;
4;690;15.399788;
4;700;13.964454;
4;710;18.831810;
4;720;17.241293;
4;730;18.025554;
4;740;18.045660;
4;750;16.938539;
4;760;17.620046;
4;770;21.149085;
4;780;19.074290;
4;790;21.164429;
4;800;22.915980;
4;810;24.581515;
4;820;23.654168;
4;830;26.405896;
4;840;23.762683;
4;850;26.936747;
4;860;25.865117;
4;870;30.654891;
4;880;31.454831;
4;890;34.255611;
4;900;32.545637;
4;910;33.118079;
4;920;34.235137;
4;930;38.513375;
4;940;36.500594;
4;950;39.675025;
4;960;38.759854;
4;970;40.778791;
4;980;43.470866;
4;990;42.546051;
5;10;0.000306;
5;20;0.000593;
5;30;0.001392;
5;40;0.003772;
5;50;0.005426;
5;60;0.009555;
5;70;0.013794;
5;80;0.022954;
5;90;0.032784;
5;100;0.039577;
5;110;0.058603;
5;120;0.069866;
5;130;0.091494;
5;140;0.110941;
5;150;0.141081;
5;160;0.162868;
5;170;0.217214;
5;180;0.256482;
5;190;0.285328;
5;200;0.332689;
5;210;0.377588;
5;220;0.432264;
5;230;0.529659;
5;240;0.539429;
5;250;0.635560;
5;260;0.766369;
5;270;0.821744;
5;280;0.891289;
5;290;1.013028;
5;300;1.135132;
5;310;1.218360;
5;320;1.448684;
5;330;1.415740;
5;340;1.695360;
5;350;1.701474;
5;360;1.943097;
5;370;2.100953;
5;380;2.211234;
5;390;2.438829;
5;400;2.668810;
5;410;2.961709;
5;420;3.170869;
5;430;3.270622;
5;440;3.711746;
5;450;3.807382;
5;460;4.265150;
5;470;4.611319;
5;480;5.008331;
5;490;6.746624;
5;500;6.112546;
5;510;6.029861;
5;520;7.102054;
5;530;7.676204;
5;540;7.294631;
5;550;8.707867;
5;560;8.026781;
5;570;9.197032;
5;580;9.597964;
5;590;9.939035;
5;600;10.891307;
5;610;11.917520;
5;620;10.583372;
5;630;12.279122;
5;640;11.649288;
5;650;13.827394;
5;660;12.828985;
5;670;17.871662;
5;680;15.689591;
5;690;16.805688;
5;700;17.825215;
5;710;15.901828;
5;720;16.039379;
5;730;17.124418;
5;740;17.498701;
5;750;20.814144;
5;760;19.293369;
5;770;20.232126;
5;780;20.489974;
5;790;20.919804;
5;800;22.646112;
5;810;23.828840;
5;820;24.267169;
5;830;25.155519;
5;840;26.421270;
5;850;27.025536;
5;860;27.217064;
5;870;32.342990;
5;880;29.902127;
5;890;31.122146;
5;900;32.075146;
5;910;33.332729;
5;920;33.101240;
5;930;39.576550;
5;940;36.506841;
5;950;38.007262;
5;960;43.247329;
5;970;40.133848;
5;980;41.370556;
5;990;43.037845;
6;10;0.000321;
6;20;0.000638;
6;30;0.001527;
6;40;0.003005;
6;50;0.005546;
6;60;0.009961;
6;70;0.016549;
6;80;0.022901;
6;90;0.033012;
6;100;0.044387;
6;110;0.059907;
6;120;0.080867;
6;130;0.095274;
6;140;0.121542;
6;150;0.138449;
6;160;0.194373;
6;170;0.219922;
6;180;0.252856;
6;190;0.294437;
6;200;0.341264;
6;210;0.407186;
6;220;0.474302;
6;230;0.533441;
6;240;0.644174;
6;250;0.688466;
6;260;0.830725;
6;270;0.864485;
6;280;0.967304;
6;290;1.086777;
6;300;1.257173;
6;310;1.314789;
6;320;1.684910;
6;330;1.548410;
6;340;1.792621;
6;350;2.051154;
6;360;2.223074;
6;370;2.195348;
6;380;2.657978;
6;390;2.952784;
6;400;2.879911;
6;410;3.362699;
6;420;3.705972;
6;430;3.651559;
6;440;4.302625;
6;450;4.316910;
6;460;4.443823;
6;470;5.038437;
6;480;5.421829;
6;490;5.622894;
6;500;5.878358;
6;510;6.377337;
6;520;7.495390;
6;530;7.528299;
6;540;8.065285;
6;550;8.404587;
6;560;8.762439;
6;570;8.893090;
6;580;12.627107;
6;590;10.472352;
6;600;10.299950;
6;610;11.544411;
6;620;10.895238;
6;630;13.099509;
6;640;13.240288;
6;650;12.978240;
6;660;13.999188;
6;670;14.330903;
6;680;17.531980;
6;690;15.009084;
6;700;16.956724;
6;710;17.226133;
6;720;17.343051;
6;730;17.905562;
6;740;21.095618;
6;750;20.213636;
6;760;20.979899;
6;770;22.479756;
6;780;22.773316;
6;790;25.650833;
6;800;23.530482;
6;810;25.068609;
6;820;26.646241;
6;830;29.560403;
6;840;26.686457;
6;850;28.003955;
6;860;32.984347;
6;870;32.932343;
6;880;35.326284;
6;890;33.233468;
6;900;37.097480;
6;910;34.495479;
6;920;35.639899;
6;930;37.908393;
6;940;38.634972;
6;950;39.135072;
6;960;45.589370;
6;970;47.280040;
6;980;47.996458;
6;990;45.593975;
7;10;0.001664;
7;20;0.003381;
7;30;0.001642;
7;40;0.003330;
7;50;0.006813;
7;60;0.010619;
7;70;0.018452;
7;80;0.024618;
7;90;0.037102;
7;100;0.051348;
7;110;0.065156;
7;120;0.105441;
7;130;0.101461;
7;140;0.139546;
7;150;0.170984;
7;160;0.201404;
7;170;0.233929;
7;180;0.278750;
7;190;0.335032;
7;200;0.407189;
7;210;0.449976;
7;220;0.520417;
7;230;0.615729;
7;240;0.670164;
7;250;0.790280;
7;260;0.876398;
7;270;0.957712;
7;280;1.113941;
7;290;1.166570;
7;300;1.359779;
7;310;1.500924;
7;320;1.692765;
7;330;1.785635;
7;340;1.931106;
7;350;2.083089;
7;360;2.227385;
7;370;2.535502;
7;380;2.710850;
7;390;3.162714;
7;400;3.303897;
7;410;3.819825;
7;420;3.910757;
7;430;4.248232;
7;440;4.314479;
7;450;4.362354;
7;460;5.210998;
7;470;5.587485;
7;480;6.052606;
7;490;6.425451;
7;500;6.887388;
7;510;7.167005;
7;520;7.217879;
7;530;7.985267;
7;540;8.937917;
7;550;9.229595;
7;560;10.312075;
7;570;9.916194;
7;580;10.863032;
7;590;10.630589;
7;600;11.453158;
7;610;12.953867;
7;620;12.935178;
7;630;14.282341;
7;640;13.772151;
7;650;14.343581;
7;660;14.908292;
7;670;15.611305;
7;680;17.118332;
7;690;17.841713;
7;700;19.233138;
7;710;18.777726;
7;720;19.444846;
7;730;21.045486;
7;740;21.722451;
7;750;22.055648;
7;760;23.816351;
7;770;23.294945;
7;780;25.692944;
7;790;26.472601;
7;800;27.840698;
7;810;28.807770;
7;820;29.677590;
7;830;29.399817;
7;840;32.316654;
7;850;31.271753;
7;860;32.961762;
7;870;33.711071;
7;880;37.256861;
7;890;38.684402;
7;900;39.178115;
7;910;41.095991;
7;920;39.544445;
7;930;43.911512;
7;940;46.498831;
7;950;44.704573;
7;960;44.919554;
7;970;49.018686;
7;980;50.794079;
7;990;50.728709;
8;10;0.000406;
8;20;0.000771;
8;30;0.003701;
8;40;0.005868;
8;50;0.006876;
8;60;0.011627;
8;70;0.019048;
8;80;0.026763;
8;90;0.037874;
8;100;0.052720;
8;110;0.067713;
8;120;0.089563;
8;130;0.115201;
8;140;0.138911;
8;150;0.174093;
8;160;0.210845;
8;170;0.261930;
8;180;0.303528;
8;190;0.365876;
8;200;0.404737;
8;210;0.483970;
8;220;0.538214;
8;230;0.644899;
8;240;0.720112;
8;250;0.804662;
8;260;0.937644;
8;270;1.034106;
8;280;1.114422;
8;290;1.308271;
8;300;1.416933;
8;310;1.567061;
8;320;1.820184;
8;330;1.862393;
8;340;2.123017;
8;350;2.328596;
8;360;2.539348;
8;370;2.764285;
8;380;2.981311;
8;390;3.025682;
8;400;3.495398;
8;410;3.912553;
8;420;4.015501;
8;430;4.332967;
8;440;4.663172;
8;450;5.234749;
8;460;5.488031;
8;470;5.905892;
8;480;6.534729;
8;490;6.913751;
8;500;7.227023;
8;510;7.692152;
8;520;8.264150;
8;530;8.850216;
8;540;9.592662;
8;550;8.946298;
8;560;9.639537;
8;570;10.401949;
8;580;12.105772;
8;590;11.550067;
8;600;12.343555;
8;610;13.271713;
8;620;14.427655;
8;630;14.160399;
8;640;16.356756;
8;650;16.716181;
8;660;17.856427;
8;670;18.356650;
8;680;18.980390;
8;690;19.378390;
8;700;21.391841;
8;710;19.333249;
8;720;20.203726;
8;730;21.873972;
8;740;21.912400;
8;750;23.660679;
8;760;24.687834;
8;770;23.877504;
8;780;25.647712;
8;790;27.599980;
8;800;28.625762;
8;810;29.774241;
8;820;30.839483;
8;830;30.922691;
8;840;31.365110;
8;850;33.179523;
8;860;35.737087;
8;870;36.889609;
8;880;38.255999;
8;890;37.331022;
8;900;41.984328;
8;910;40.715157;
8;920;42.069461;
8;930;44.876099;
8;940;46.822051;
8;950;63.008058;
8;960;49.381427;
8;970;50.714958;
8;980;53.310575;
8;990;55.571736;
Seq
10; 0.000007;
20; 0.000054;
30; 0.000190;
40; 0.000424;
50; 0.000844;
60; 0.001403;
70; 0.002280;
80; 0.003372;
90; 0.004869;
100; 0.006583;
110; 0.008775;
120; 0.011367;
130; 0.014464;
140; 0.017949;
150; 0.022234;
160; 0.027118;
170; 0.032203;
180; 0.038079;
190; 0.044827;
200; 0.052399;
210; 0.060820;
220; 0.069433;
230; 0.079516;
240; 0.090062;
250; 0.102109;
260; 0.114557;
270; 0.129001;
280; 0.143853;
290; 0.160028;
300; 0.176983;
310; 0.196106;
320; 0.247622;
330; 0.236650;
340; 0.271018;
350; 0.285055;
360; 0.308076;
370; 0.335601;
380; 0.367327;
390; 0.415721;
400; 0.431936;
410; 0.520042;
420; 0.516243;
430; 0.562973;
440; 0.610922;
450; 0.664527;
460; 0.715862;
470; 0.771003;
480; 0.844446;
490; 0.892965;
500; 0.955883;
510; 1.014575;
520; 1.098757;
530; 1.117846;
540; 1.287867;
550; 1.250434;
560; 1.484942;
570; 1.588509;
580; 1.684310;
590; 1.544321;
600; 1.874148;
610; 1.968176;
620; 2.078630;
630; 2.175345;
640; 2.023885;
650; 2.115641;
660; 2.188128;
670; 2.277444;
680; 2.371642;
690; 2.480778;
700; 2.783127;
710; 2.709965;
720; 2.811250;
730; 2.923944;
740; 3.040896;
750; 3.170473;
760; 3.298124;
770; 3.431429;
780; 3.564244;
790; 3.706435;
800; 3.832941;
810; 3.999737;
820; 4.155204;
830; 4.307322;
840; 4.459655;
850; 4.613096;
860; 4.782995;
870; 4.949449;
880; 5.119883;
890; 5.330034;
900; 5.479121;
910; 5.665635;
920; 5.846652;
930; 6.048890;
940; 6.250540;
950; 6.460510;
960; 6.612482;
970; 6.857490;
980; 7.073745;
990; 7.294774;
