Par
static
1;10;0.016883;
1;20;0.053205;
1;30;0.114816;
1;40;0.202653;
1;50;0.315619;
1;60;0.456588;
1;70;0.617613;
1;80;0.806696;
1;90;1.012083;
1;100;1.261495;
1;110;1.508815;
1;120;1.808898;
1;130;2.104460;
1;140;2.455216;
1;150;2.802225;
1;160;3.205348;
1;170;3.618107;
1;180;4.058934;
1;190;4.492240;
1;200;5.000702;
1;210;5.475639;
1;220;6.059281;
1;230;6.608931;
1;240;7.228467;
1;250;7.765664;
1;260;8.452203;
1;270;9.045107;
1;280;9.841298;
1;290;10.460437;
1;300;11.302806;
1;310;11.936773;
1;320;12.810794;
1;330;13.559858;
1;340;14.462046;
1;350;15.204891;
1;360;16.277738;
1;370;17.008116;
1;380;18.062323;
1;390;18.897525;
1;400;19.993585;
1;410;20.865525;
1;420;22.057690;
1;430;22.950924;
1;440;24.302234;
1;450;25.218928;
1;460;26.452903;
1;470;27.598166;
1;480;28.794300;
1;490;29.848085;
1;500;31.256860;
1;510;32.464612;
1;520;33.818053;
1;530;34.935412;
1;540;36.485056;
1;550;37.763656;
1;560;39.256909;
1;570;40.568906;
1;580;42.191718;
1;590;43.531187;
1;600;45.135438;
1;610;46.687131;
1;620;48.334105;
1;630;49.978044;
1;640;51.541844;
1;650;53.309794;
1;660;55.016762;
1;670;56.873587;
1;680;58.423808;
1;690;60.457256;
1;700;62.106351;
1;710;64.019708;
1;720;65.812060;
1;730;67.707862;
1;740;69.594868;
1;750;71.447515;
1;760;73.387157;
1;770;75.496719;
1;780;77.260018;
1;790;79.346188;
1;800;81.244875;
1;810;83.392159;
1;820;85.454905;
1;830;87.799125;
1;840;89.545519;
1;850;91.959676;
1;860;94.043889;
1;870;96.549735;
1;880;98.444540;
1;890;100.848199;
1;900;103.225173;
1;910;105.408338;
1;920;107.722130;
1;930;110.015710;
1;940;112.445538;
1;950;114.974516;
1;960;117.282911;
1;970;119.718888;
1;980;121.990583;
1;990;124.629949;
2;10;0.025691;
2;20;0.044026;
2;30;0.076400;
2;40;0.119631;
2;50;0.172458;
2;60;0.241715;
2;70;0.327715;
2;80;0.422805;
2;90;0.526455;
2;100;0.651747;
2;110;0.783240;
2;120;0.927064;
2;130;1.074836;
2;140;1.250754;
2;150;1.428679;
2;160;1.632200;
2;170;2.146234;
2;180;2.052698;
2;190;2.272947;
2;200;2.537014;
2;210;2.771950;
2;220;3.072034;
2;230;3.312527;
2;240;3.628855;
2;250;3.922138;
2;260;4.258018;
2;270;4.594300;
2;280;4.959584;
2;290;5.276509;
2;300;5.669634;
2;310;6.009322;
2;320;6.458009;
2;330;6.802179;
2;340;7.256994;
2;350;7.664802;
2;360;8.161089;
2;370;8.538250;
2;380;9.085902;
2;390;9.507547;
2;400;10.082376;
2;410;10.481621;
2;420;11.069188;
2;430;11.534839;
2;440;12.152588;
2;450;12.674951;
2;460;13.296175;
2;470;13.789426;
2;480;14.503510;
2;490;14.975349;
2;500;15.703404;
2;510;16.269247;
2;520;16.984659;
2;530;17.539412;
2;540;18.286450;
2;550;18.909185;
2;560;19.638495;
2;570;20.285913;
2;580;21.083748;
2;590;21.707246;
2;600;22.558165;
2;610;23.308530;
2;620;24.116152;
2;630;24.784336;
2;640;25.563521;
2;650;26.382433;
2;660;27.360398;
2;670;28.131729;
2;680;28.942687;
2;690;29.675725;
2;700;30.983021;
2;710;31.465337;
2;720;32.427183;
2;730;33.249745;
2;740;34.305888;
2;750;35.169677;
2;760;42.313540;
2;770;37.120426;
2;780;38.160097;
2;790;39.017021;
2;800;40.107914;
2;810;40.992170;
2;820;42.154418;
2;830;43.271970;
2;840;44.276720;
2;850;54.156862;
2;860;46.500197;
2;870;47.644410;
2;880;48.892567;
2;890;49.924661;
2;900;51.146122;
2;910;52.263855;
2;920;53.457494;
2;930;54.751588;
2;940;56.931463;
2;950;57.240941;
2;960;58.390721;
2;970;59.754758;
2;980;60.964995;
2;990;62.378942;
3;10;0.026545;
3;20;0.040391;
3;30;0.060862;
3;40;0.088136;
3;50;0.128257;
3;60;0.170531;
3;70;0.228502;
3;80;0.293141;
3;90;0.361879;
3;100;0.452369;
3;110;0.535140;
3;120;0.627908;
3;130;0.738244;
3;140;0.853023;
3;150;0.966143;
3;160;1.104125;
3;170;1.237749;
3;180;1.384110;
3;190;1.539145;
3;200;1.712616;
3;210;1.859376;
3;220;2.068640;
3;230;2.247880;
3;240;2.441001;
3;250;2.650468;
3;260;2.872573;
3;270;3.074880;
3;280;3.297750;
3;290;3.540264;
3;300;3.796931;
3;310;4.041949;
3;320;4.328530;
3;330;4.578727;
3;340;4.871015;
3;350;5.131674;
3;360;5.466227;
3;370;5.739809;
3;380;6.084351;
3;390;6.376291;
3;400;6.736265;
3;410;7.057815;
3;420;7.413936;
3;430;7.744661;
3;440;8.142791;
3;450;8.439443;
3;460;8.915374;
3;470;9.219824;
3;480;9.670733;
3;490;10.075814;
3;500;10.481938;
3;510;10.874810;
3;520;11.376769;
3;530;11.744403;
3;540;12.215823;
3;550;12.678912;
3;560;13.103581;
3;570;13.547918;
3;580;14.094122;
3;590;14.514189;
3;600;15.059547;
3;610;15.508867;
3;620;16.099908;
3;630;16.538072;
3;640;17.122415;
3;650;17.666508;
3;660;18.221076;
3;670;18.793047;
3;680;19.331646;
3;690;19.848868;
3;700;20.528458;
3;710;21.009085;
3;720;21.678721;
3;730;22.208282;
3;740;22.918950;
3;750;23.437503;
3;760;24.101231;
3;770;24.756239;
3;780;25.451127;
3;790;25.992198;
3;800;26.731628;
3;810;27.265454;
3;820;28.190807;
3;830;28.707771;
3;840;29.413576;
3;850;30.071490;
3;860;30.993362;
3;870;31.577572;
3;880;32.501306;
3;890;39.552336;
3;900;33.907519;
3;910;34.581318;
3;920;35.445301;
3;930;36.512868;
3;940;37.030795;
3;950;37.711854;
3;960;38.574675;
3;970;39.239260;
3;980;40.291165;
3;990;40.979231;
4;10;0.030066;
4;20;0.039782;
4;30;0.058646;
4;40;0.077501;
4;50;0.108823;
4;60;0.138009;
4;70;0.185366;
4;80;0.225767;
4;90;0.287137;
4;100;0.406949;
4;110;0.415310;
4;120;0.483185;
4;130;0.568713;
4;140;0.647776;
4;150;0.742831;
4;160;0.837673;
4;170;1.127141;
4;180;1.048597;
4;190;1.170236;
4;200;1.294123;
4;210;1.417977;
4;220;1.560639;
4;230;1.706288;
4;240;1.843429;
4;250;1.995128;
4;260;2.158245;
4;270;2.329612;
4;280;2.497262;
4;290;2.697988;
4;300;2.860723;
4;310;3.053948;
4;320;3.246102;
4;330;3.471963;
4;340;3.661224;
4;350;3.872384;
4;360;4.100200;
4;370;4.331014;
4;380;4.572454;
4;390;4.803142;
4;400;5.066705;
4;410;5.303657;
4;420;5.564000;
4;430;5.837196;
4;440;6.134849;
4;450;6.363975;
4;460;6.685922;
4;470;6.942600;
4;480;7.276409;
4;490;7.587019;
4;500;7.892208;
4;510;8.197924;
4;520;8.535352;
4;530;8.863747;
4;540;9.177988;
4;550;9.504926;
4;560;9.850770;
4;570;10.200689;
4;580;10.593641;
4;590;10.924346;
4;600;11.326343;
4;610;11.677226;
4;620;12.084962;
4;630;12.466883;
4;640;12.921459;
4;650;13.267818;
4;660;13.698323;
4;670;14.314526;
4;680;14.507278;
4;690;14.896923;
4;700;15.407892;
4;710;15.822424;
4;720;16.244324;
4;730;16.673862;
4;740;17.214291;
4;750;17.626905;
4;760;18.110323;
4;770;18.587706;
4;780;19.102861;
4;790;19.501942;
4;800;20.057964;
4;810;20.542033;
4;820;21.111091;
4;830;21.625113;
4;840;22.125226;
4;850;22.653058;
4;860;29.221747;
4;870;23.742034;
4;880;24.325354;
4;890;24.874219;
4;900;25.462396;
4;910;25.963549;
4;920;26.606294;
4;930;27.134206;
4;940;27.743879;
4;950;28.334397;
4;960;28.914447;
4;970;29.509985;
4;980;30.150675;
4;990;31.168896;
5;10;0.032331;
5;20;0.040046;
5;30;0.056571;
5;40;0.070558;
5;50;0.095306;
5;60;0.117641;
5;70;0.156953;
5;80;0.188568;
5;90;0.235891;
5;100;0.281765;
5;110;0.338680;
5;120;0.396223;
5;130;0.461438;
5;140;0.527140;
5;150;0.603503;
5;160;0.679413;
5;170;0.757311;
5;180;0.849861;
5;190;0.943489;
5;200;1.042400;
5;210;1.141607;
5;220;1.251852;
5;230;1.369219;
5;240;1.485637;
5;250;1.599840;
5;260;1.745537;
5;270;2.235120;
5;280;2.009511;
5;290;2.139791;
5;300;2.298167;
5;310;2.452597;
5;320;2.611740;
5;330;2.771896;
5;340;2.944932;
5;350;3.097809;
5;360;3.301755;
5;370;3.463116;
5;380;3.667198;
5;390;3.853299;
5;400;4.055238;
5;410;4.229474;
5;420;4.471826;
5;430;4.693994;
5;440;4.906134;
5;450;5.097339;
5;460;5.350006;
5;470;5.571465;
5;480;5.835071;
5;490;7.641534;
5;500;6.324274;
5;510;6.563935;
5;520;6.827750;
5;530;7.058277;
5;540;7.355185;
5;550;7.601903;
5;560;7.909849;
5;570;8.209845;
5;580;8.498272;
5;590;11.223158;
5;600;9.063972;
5;610;9.343883;
5;620;9.711945;
5;630;9.961656;
5;640;10.341086;
5;650;10.593268;
5;660;10.976224;
5;670;11.413425;
5;680;11.629451;
5;690;11.924955;
5;700;12.351111;
5;710;12.633952;
5;720;13.019568;
5;730;13.414503;
5;740;13.814629;
5;750;14.122325;
5;760;14.505550;
5;770;14.892427;
5;780;15.305445;
5;790;18.427419;
5;800;16.052148;
5;810;16.419072;
5;820;16.922048;
5;830;17.289632;
5;840;17.720323;
5;850;18.138327;
5;860;18.605574;
5;870;19.017421;
5;880;19.449778;
5;890;19.849540;
5;900;20.370003;
5;910;20.763487;
5;920;21.238185;
5;930;21.682038;
5;940;22.286769;
5;950;22.686747;
5;960;23.132472;
5;970;23.712302;
5;980;24.118809;
5;990;24.763083;
6;10;0.033360;
6;20;0.045408;
6;30;0.053061;
6;40;0.072545;
6;50;0.091230;
6;60;0.111636;
6;70;0.139999;
6;80;0.175597;
6;90;0.202544;
6;100;0.252909;
6;110;0.298306;
6;120;0.346403;
6;130;0.395704;
6;140;0.463377;
6;150;0.509504;
6;160;0.584013;
6;170;0.654859;
6;180;0.722343;
6;190;0.801474;
6;200;0.895999;
6;210;0.961462;
6;220;1.067692;
6;230;1.164982;
6;240;1.249477;
6;250;1.351643;
6;260;1.481230;
6;270;1.556501;
6;280;1.706106;
6;290;1.813219;
6;300;1.933236;
6;310;2.059857;
6;320;2.221012;
6;330;2.320609;
6;340;2.481838;
6;350;2.622278;
6;360;2.786912;
6;370;2.912994;
6;380;3.101917;
6;390;3.215974;
6;400;3.420339;
6;410;3.634243;
6;420;3.749509;
6;430;3.918926;
6;440;4.149605;
6;450;4.264904;
6;460;4.501642;
6;470;4.688971;
6;480;4.878909;
6;490;5.059355;
6;500;5.329661;
6;510;5.502873;
6;520;5.722461;
6;530;5.951439;
6;540;6.173064;
6;550;6.371500;
6;560;6.655390;
6;570;6.816331;
6;580;7.101360;
6;590;7.332667;
6;600;7.598253;
6;610;7.821187;
6;620;8.119091;
6;630;8.331765;
6;640;8.648606;
6;650;8.894141;
6;660;9.192131;
6;670;9.413400;
6;680;9.757052;
6;690;10.077136;
6;700;10.327732;
6;710;10.610570;
6;720;10.873281;
6;730;11.168748;
6;740;11.541214;
6;750;11.765822;
6;760;12.157719;
6;770;12.487972;
6;780;12.756167;
6;790;13.086534;
6;800;13.472054;
6;810;13.701298;
6;820;14.132135;
6;830;14.479643;
6;840;14.864483;
6;850;15.160391;
6;860;15.606136;
6;870;20.277987;
6;880;16.264701;
6;890;16.674610;
6;900;17.041040;
6;910;17.430338;
6;920;17.792463;
6;930;18.079965;
6;940;18.645803;
6;950;18.986975;
6;960;19.348016;
6;970;19.723137;
6;980;20.167405;
6;990;20.513883;
7;10;0.041307;
7;20;0.049762;
7;30;0.059573;
7;40;0.067490;
7;50;0.084196;
7;60;0.108319;
7;70;0.130076;
7;80;0.163786;
7;90;0.191023;
7;100;0.232717;
7;110;0.263291;
7;120;0.302762;
7;130;0.353500;
7;140;0.394034;
7;150;0.465250;
7;160;0.504092;
7;170;0.571995;
7;180;0.632603;
7;190;0.700750;
7;200;0.773663;
7;210;0.832642;
7;220;0.930521;
7;230;1.011588;
7;240;1.101002;
7;250;1.178155;
7;260;1.273835;
7;270;1.365779;
7;280;1.461511;
7;290;1.855365;
7;300;1.693169;
7;310;1.790701;
7;320;1.892721;
7;330;2.014802;
7;340;2.160593;
7;350;2.252083;
7;360;2.406144;
7;370;2.519406;
7;380;2.672737;
7;390;2.782255;
7;400;2.928233;
7;410;3.087439;
7;420;3.223641;
7;430;3.400074;
7;440;3.528526;
7;450;3.707992;
7;460;3.836174;
7;470;4.029252;
7;480;4.193876;
7;490;4.339908;
7;500;4.663314;
7;510;4.759473;
7;520;4.951305;
7;530;5.106888;
7;540;5.307186;
7;550;5.491046;
7;560;5.688778;
7;570;5.904703;
7;580;6.104747;
7;590;6.320700;
7;600;6.513875;
7;610;6.728357;
7;620;6.956754;
7;630;7.170400;
7;640;7.412527;
7;650;7.625201;
7;660;7.867819;
7;670;8.120586;
7;680;8.347032;
7;690;8.577207;
7;700;8.817284;
7;710;9.108028;
7;720;9.328115;
7;730;9.619364;
7;740;9.881818;
7;750;10.788713;
7;760;10.435433;
7;770;10.667963;
7;780;11.005001;
7;790;11.224725;
7;800;11.526505;
7;810;11.900788;
7;820;12.094508;
7;830;12.426125;
7;840;12.656591;
7;850;13.002971;
7;860;13.344199;
7;870;13.687660;
7;880;13.975435;
7;890;14.243339;
7;900;15.105981;
7;910;16.032848;
7;920;15.227184;
7;930;15.551426;
7;940;15.963973;
7;950;16.220473;
7;960;16.576837;
7;970;16.959035;
7;980;17.240705;
7;990;17.643483;
8;10;0.047470;
8;20;0.069947;
8;30;0.069395;
8;40;0.071043;
8;50;0.083418;
8;60;0.122467;
8;70;0.127700;
8;80;0.158567;
8;90;0.182461;
8;100;0.216473;
8;110;0.239295;
8;120;0.270838;
8;130;0.342978;
8;140;0.363072;
8;150;0.428629;
8;160;0.463821;
8;170;0.515477;
8;180;0.567326;
8;190;0.624388;
8;200;0.675878;
8;210;0.748397;
8;220;0.821827;
8;230;0.890801;
8;240;0.952560;
8;250;1.229192;
8;260;1.124846;
8;270;1.208880;
8;280;1.283194;
8;290;1.396471;
8;300;1.490369;
8;310;1.587409;
8;320;1.846157;
8;330;1.788917;
8;340;1.888930;
8;350;1.986252;
8;360;2.082517;
8;370;2.239443;
8;380;4.253753;
8;390;3.017496;
8;400;2.555630;
8;410;2.740937;
8;420;2.842669;
8;430;2.982927;
8;440;3.102589;
8;450;3.262962;
8;460;3.378939;
8;470;3.534854;
8;480;3.648847;
8;490;3.862711;
8;500;3.984252;
8;510;4.178226;
8;520;4.298050;
8;530;4.489629;
8;540;4.654260;
8;550;4.811157;
8;560;4.959712;
8;570;5.168061;
8;580;5.342796;
8;590;5.554686;
8;600;5.710106;
8;610;5.926076;
8;620;6.116023;
8;630;6.309479;
8;640;6.469055;
8;650;6.696296;
8;660;6.915987;
8;670;7.122101;
8;680;7.285391;
8;690;7.569858;
8;700;7.730713;
8;710;8.011853;
8;720;8.182835;
8;730;9.648822;
8;740;8.889911;
8;750;8.916925;
8;760;9.100251;
8;770;9.394531;
8;780;9.582568;
8;790;9.865136;
8;800;10.082267;
8;810;10.367178;
8;820;10.582232;
8;830;10.893857;
8;840;11.117058;
8;850;13.567939;
8;860;11.662936;
8;870;11.964021;
8;880;12.171154;
8;890;12.483215;
8;900;15.035061;
8;910;13.093018;
8;920;13.290766;
8;930;13.680287;
8;940;13.923861;
8;950;14.246893;
8;960;14.473705;
8;970;14.858514;
8;980;15.122229;
8;990;15.447646;
dynamic
1;10;0.016903;
1;20;0.053504;
1;30;0.114460;
1;40;0.201568;
1;50;0.316093;
1;60;0.454794;
1;70;0.617529;
1;80;0.811247;
1;90;1.012130;
1;100;1.255322;
1;110;1.540078;
1;120;1.810434;
1;130;2.114261;
1;140;2.457997;
1;150;2.798536;
1;160;3.206028;
1;170;3.599180;
1;180;4.058498;
1;190;4.500549;
1;200;5.009355;
1;210;5.484167;
1;220;6.086866;
1;230;6.586021;
1;240;7.202440;
1;250;7.762996;
1;260;8.449024;
1;270;9.061452;
1;280;9.814613;
1;290;10.504579;
1;300;11.263235;
1;310;11.999008;
1;320;12.844780;
1;330;13.513739;
1;340;14.516196;
1;350;15.246140;
1;360;16.229309;
1;370;16.991004;
1;380;18.069182;
1;390;18.913061;
1;400;20.069722;
1;410;20.866080;
1;420;22.037514;
1;430;22.947598;
1;440;24.305972;
1;450;25.117633;
1;460;26.477281;
1;470;27.425434;
1;480;28.820172;
1;490;29.805077;
1;500;31.378672;
1;510;32.448267;
1;520;33.837997;
1;530;34.997254;
1;540;36.475695;
1;550;37.761501;
1;560;39.182794;
1;570;40.575235;
1;580;42.181963;
1;590;43.563807;
1;600;45.126026;
1;610;46.682365;
1;620;48.464160;
1;630;49.986923;
1;640;51.616056;
1;650;53.315053;
1;660;55.039534;
1;670;57.090489;
1;680;58.537403;
1;690;60.302221;
1;700;62.096861;
1;710;64.097718;
1;720;65.810953;
1;730;67.660075;
1;740;69.609299;
1;750;71.733584;
1;760;73.447363;
1;770;75.533644;
1;780;77.270584;
1;790;79.402050;
1;800;81.362721;
1;810;83.352193;
1;820;85.532927;
1;830;87.900149;
1;840;89.577705;
1;850;91.832753;
1;860;93.890344;
1;870;96.337591;
1;880;98.718540;
1;890;100.933897;
1;900;103.003584;
1;910;105.430726;
1;920;107.575544;
1;930;110.342000;
1;940;112.535162;
1;950;114.786047;
1;960;117.115715;
1;970;119.548914;
1;980;121.972487;
1;990;124.694701;
2;10;0.025785;
2;20;0.043646;
2;30;0.076264;
2;40;0.116061;
2;50;0.173906;
2;60;0.241475;
2;70;0.326361;
2;80;0.425673;
2;90;0.527817;
2;100;0.651309;
2;110;0.775160;
2;120;0.924512;
2;130;1.079391;
2;140;1.249814;
2;150;1.425587;
2;160;1.628484;
2;170;1.819503;
2;180;2.052115;
2;190;2.272781;
2;200;2.530515;
2;210;2.770193;
2;220;3.057837;
2;230;3.334945;
2;240;3.639226;
2;250;3.919098;
2;260;4.259155;
2;270;4.550945;
2;280;4.942329;
2;290;5.249967;
2;300;5.670228;
2;310;6.016860;
2;320;6.433185;
2;330;6.820946;
2;340;7.292649;
2;350;7.654594;
2;360;8.173653;
2;370;8.567372;
2;380;9.077985;
2;390;9.505875;
2;400;10.097544;
2;410;10.542919;
2;420;11.067638;
2;430;11.602862;
2;440;12.193119;
2;450;12.652689;
2;460;13.292306;
2;470;13.776743;
2;480;14.515015;
2;490;14.978352;
2;500;15.719367;
2;510;16.268090;
2;520;16.946284;
2;530;17.530433;
2;540;18.267873;
2;550;18.918559;
2;560;19.629976;
2;570;20.275141;
2;580;21.076527;
2;590;21.693933;
2;600;22.550484;
2;610;23.186223;
2;620;24.095272;
2;630;24.758170;
2;640;25.572663;
2;650;26.400254;
2;660;27.312257;
2;670;28.211380;
2;680;28.921921;
2;690;29.655739;
2;700;30.712823;
2;710;31.483860;
2;720;32.435265;
2;730;33.264416;
2;740;34.322156;
2;750;35.119916;
2;760;36.138211;
2;770;37.100510;
2;780;38.188603;
2;790;38.987396;
2;800;40.077644;
2;810;40.963141;
2;820;42.111220;
2;830;43.243358;
2;840;44.255577;
2;850;45.342059;
2;860;46.534798;
2;870;47.665577;
2;880;48.856708;
2;890;49.982364;
2;900;51.134472;
2;910;52.281047;
2;920;53.434276;
2;930;54.648860;
2;940;55.947727;
2;950;57.185804;
2;960;58.386458;
2;970;59.631475;
2;980;60.877095;
2;990;62.345306;
3;10;0.024794;
3;20;0.038992;
3;30;0.061083;
3;40;0.088040;
3;50;0.127848;
3;60;0.171233;
3;70;0.227580;
3;80;0.293259;
3;90;0.361728;
3;100;0.450280;
3;110;0.541095;
3;120;0.627322;
3;130;0.734258;
3;140;0.851922;
3;150;0.963308;
3;160;1.105400;
3;170;1.235932;
3;180;1.383585;
3;190;1.540933;
3;200;1.711416;
3;210;2.358093;
3;220;2.062354;
3;230;2.242319;
3;240;2.436833;
3;250;2.661567;
3;260;2.870085;
3;270;3.055329;
3;280;3.332109;
3;290;3.531841;
3;300;3.795824;
3;310;4.038673;
3;320;4.331294;
3;330;4.562720;
3;340;4.871289;
3;350;5.125179;
3;360;5.462206;
3;370;5.753431;
3;380;6.076759;
3;390;6.361343;
3;400;6.721767;
3;410;7.026240;
3;420;7.399723;
3;430;7.727446;
3;440;8.150411;
3;450;8.452222;
3;460;8.886001;
3;470;9.227532;
3;480;9.663052;
3;490;10.006283;
3;500;10.511685;
3;510;10.867319;
3;520;11.353942;
3;530;11.735189;
3;540;12.215548;
3;550;12.623994;
3;560;16.536310;
3;570;13.529218;
3;580;14.110547;
3;590;14.542149;
3;600;15.031326;
3;610;15.548564;
3;620;16.086841;
3;630;16.524066;
3;640;17.145582;
3;650;17.615122;
3;660;18.240656;
3;670;18.767953;
3;680;19.344768;
3;690;19.895729;
3;700;20.544361;
3;710;21.016637;
3;720;21.607478;
3;730;22.184778;
3;740;22.978617;
3;750;23.428369;
3;760;24.123606;
3;770;24.742573;
3;780;25.438541;
3;790;25.988915;
3;800;26.724256;
3;810;27.280225;
3;820;28.247975;
3;830;28.792512;
3;840;29.453493;
3;850;30.111884;
3;860;30.956775;
3;870;31.583598;
3;880;32.378334;
3;890;33.108186;
3;900;33.893826;
3;910;34.640082;
3;920;35.423140;
3;930;36.099295;
3;940;37.079411;
3;950;37.730549;
3;960;38.605115;
3;970;39.302299;
3;980;40.777907;
3;990;41.015034;
4;10;0.029599;
4;20;0.038027;
4;30;0.057638;
4;40;0.076047;
4;50;0.108930;
4;60;0.140214;
4;70;0.184297;
4;80;0.228761;
4;90;0.288891;
4;100;0.345737;
4;110;0.416165;
4;120;0.481171;
4;130;0.569286;
4;140;0.648177;
4;150;0.743038;
4;160;0.837113;
4;170;0.942662;
4;180;1.050561;
4;190;1.174340;
4;200;1.289881;
4;210;1.420318;
4;220;1.551584;
4;230;1.704995;
4;240;1.838215;
4;250;2.004390;
4;260;2.158917;
4;270;2.318998;
4;280;2.494295;
4;290;2.666834;
4;300;2.863028;
4;310;3.056075;
4;320;3.246727;
4;330;3.453849;
4;340;3.669773;
4;350;3.870144;
4;360;4.100652;
4;370;4.345056;
4;380;4.563634;
4;390;4.799350;
4;400;5.055741;
4;410;5.294267;
4;420;5.564144;
4;430;5.842439;
4;440;6.121639;
4;450;6.374073;
4;460;6.699695;
4;470;6.955162;
4;480;7.267612;
4;490;7.554950;
4;500;7.896326;
4;510;8.211424;
4;520;8.523051;
4;530;8.837747;
4;540;9.164104;
4;550;9.526449;
4;560;9.856408;
4;570;10.193991;
4;580;10.592474;
4;590;10.947761;
4;600;11.330797;
4;610;11.674150;
4;620;12.094835;
4;630;12.464926;
4;640;12.856498;
4;650;13.256274;
4;660;13.694543;
4;670;14.094661;
4;680;14.524141;
4;690;14.901235;
4;700;15.406242;
4;710;15.799266;
4;720;16.259146;
4;730;16.720226;
4;740;17.219984;
4;750;17.673469;
4;760;18.119324;
4;770;18.594846;
4;780;19.120665;
4;790;19.530050;
4;800;20.048093;
4;810;20.503985;
4;820;21.135311;
4;830;21.583177;
4;840;22.136614;
4;850;22.677531;
4;860;23.234970;
4;870;23.749814;
4;880;24.325047;
4;890;24.884703;
4;900;25.498313;
4;910;25.991163;
4;920;26.606534;
4;930;27.067058;
4;940;27.746430;
4;950;28.327394;
4;960;28.893755;
4;970;29.488260;
4;980;30.165027;
4;990;30.967641;
5;10;0.033479;
5;20;0.040237;
5;30;0.057376;
5;40;0.070242;
5;50;0.096134;
5;60;0.121257;
5;70;0.158243;
5;80;0.187760;
5;90;0.235864;
5;100;0.285496;
5;110;0.338427;
5;120;0.393658;
5;130;0.462099;
5;140;0.527569;
5;150;0.599243;
5;160;0.677897;
5;170;0.757794;
5;180;0.851138;
5;190;0.947498;
5;200;1.051987;
5;210;1.139865;
5;220;1.250143;
5;230;1.366091;
5;240;1.493353;
5;250;1.605146;
5;260;1.746402;
5;270;1.864704;
5;280;2.013171;
5;290;2.139521;
5;300;2.306224;
5;310;2.450821;
5;320;2.609191;
5;330;2.765925;
5;340;2.944421;
5;350;3.104089;
5;360;3.296654;
5;370;3.465889;
5;380;3.667018;
5;390;3.844480;
5;400;4.809220;
5;410;4.253153;
5;420;4.476160;
5;430;4.671447;
5;440;4.907773;
5;450;5.092359;
5;460;5.361035;
5;470;5.559044;
5;480;5.834919;
5;490;6.034133;
5;500;6.328788;
5;510;6.570863;
5;520;6.827705;
5;530;7.049195;
5;540;7.358103;
5;550;7.597653;
5;560;7.918788;
5;570;8.199844;
5;580;8.488535;
5;590;8.760104;
5;600;9.065596;
5;610;9.345096;
5;620;9.700986;
5;630;9.960173;
5;640;10.283730;
5;650;10.627759;
5;660;10.970127;
5;670;11.268795;
5;680;11.647994;
5;690;11.929114;
5;700;12.342817;
5;710;12.641867;
5;720;12.989976;
5;730;13.354814;
5;740;13.845355;
5;750;14.123054;
5;760;14.496584;
5;770;14.897710;
5;780;15.297089;
5;790;15.633897;
5;800;16.084333;
5;810;16.436007;
5;820;16.911255;
5;830;17.293213;
5;840;17.702760;
5;850;18.139452;
5;860;18.600365;
5;870;19.006656;
5;880;19.485571;
5;890;19.868900;
5;900;24.181808;
5;910;20.778473;
5;920;21.268644;
5;930;21.751598;
5;940;22.296589;
5;950;22.711462;
5;960;23.134314;
5;970;28.112119;
5;980;24.108981;
5;990;24.823824;
6;10;0.033423;
6;20;0.046003;
6;30;0.053252;
6;40;0.073322;
6;50;0.091142;
6;60;0.114722;
6;70;0.139263;
6;80;0.178950;
6;90;0.208728;
6;100;0.259159;
6;110;0.298153;
6;120;0.348868;
6;130;0.395374;
6;140;0.464323;
6;150;0.510856;
6;160;0.583559;
6;170;0.653397;
6;180;0.724989;
6;190;0.807784;
6;200;0.899861;
6;210;0.957925;
6;220;1.064206;
6;230;1.163794;
6;240;1.256220;
6;250;1.354193;
6;260;1.480668;
6;270;1.560062;
6;280;1.705330;
6;290;1.814024;
6;300;1.932241;
6;310;2.059370;
6;320;2.218113;
6;330;2.323522;
6;340;2.482925;
6;350;2.629426;
6;360;2.764327;
6;370;2.918736;
6;380;3.104388;
6;390;3.232492;
6;400;3.413330;
6;410;3.647613;
6;420;3.748171;
6;430;3.923058;
6;440;4.153149;
6;450;4.265230;
6;460;4.492856;
6;470;4.674845;
6;480;4.874996;
6;490;5.099847;
6;500;5.324920;
6;510;5.496711;
6;520;5.726669;
6;530;5.933690;
6;540;6.171647;
6;550;6.381638;
6;560;6.643042;
6;570;6.817493;
6;580;7.120809;
6;590;7.336646;
6;600;7.541959;
6;610;7.839311;
6;620;8.143578;
6;630;8.334504;
6;640;8.624182;
6;650;8.888058;
6;660;9.191559;
6;670;9.445369;
6;680;9.759575;
6;690;10.065740;
6;700;10.337155;
6;710;10.603903;
6;720;10.864207;
6;730;11.166881;
6;740;11.593737;
6;750;11.758670;
6;760;12.157228;
6;770;12.482967;
6;780;12.799157;
6;790;13.088096;
6;800;13.472781;
6;810;13.740103;
6;820;14.113952;
6;830;14.486831;
6;840;14.873548;
6;850;15.145458;
6;860;15.586264;
6;870;15.859084;
6;880;16.264013;
6;890;16.635345;
6;900;17.036877;
6;910;17.334546;
6;920;17.800676;
6;930;18.058526;
6;940;18.558480;
6;950;22.377578;
6;960;19.282146;
6;970;19.719009;
6;980;20.187606;
6;990;20.576091;
7;10;0.041501;
7;20;0.054056;
7;30;0.058630;
7;40;0.067389;
7;50;0.103523;
7;60;0.106420;
7;70;0.130407;
7;80;0.198986;
7;90;0.186613;
7;100;0.236100;
7;110;0.332225;
7;120;0.302541;
7;130;0.352827;
7;140;0.397277;
7;150;0.462491;
7;160;0.506037;
7;170;0.583190;
7;180;0.749289;
7;190;0.699590;
7;200;0.772481;
7;210;0.833418;
7;220;0.927959;
7;230;1.009786;
7;240;1.095198;
7;250;1.174071;
7;260;1.276517;
7;270;1.370306;
7;280;1.456696;
7;290;1.572653;
7;300;1.676346;
7;310;1.795294;
7;320;1.895517;
7;330;2.013922;
7;340;2.143630;
7;350;2.253498;
7;360;2.394007;
7;370;2.508278;
7;380;2.672992;
7;390;2.785251;
7;400;2.939127;
7;410;3.078735;
7;420;3.224685;
7;430;3.396284;
7;440;3.540449;
7;450;3.703277;
7;460;3.852292;
7;470;4.016667;
7;480;4.221294;
7;490;4.344231;
7;500;4.559175;
7;510;4.915643;
7;520;4.950427;
7;530;5.108863;
7;540;5.294994;
7;550;5.493215;
7;560;5.694515;
7;570;5.912564;
7;580;6.186103;
7;590;6.319206;
7;600;6.514349;
7;610;6.721678;
7;620;6.962673;
7;630;7.182542;
7;640;7.413908;
7;650;7.615348;
7;660;7.890154;
7;670;9.563024;
7;680;8.349591;
7;690;8.599738;
7;700;8.835071;
7;710;9.100964;
7;720;9.333650;
7;730;9.631524;
7;740;9.842582;
7;750;10.164426;
7;760;10.874033;
7;770;10.662914;
7;780;11.017348;
7;790;11.235131;
7;800;11.542981;
7;810;11.822785;
7;820;12.145253;
7;830;12.434376;
7;840;12.671442;
7;850;12.978805;
7;860;13.292770;
7;870;13.627670;
7;880;13.966304;
7;890;14.294700;
7;900;14.786420;
7;910;14.856606;
7;920;15.262590;
7;930;15.523931;
7;940;15.908728;
7;950;16.250200;
7;960;16.578903;
7;970;16.967615;
7;980;17.278421;
7;990;17.678517;
8;10;0.073059;
8;20;0.056770;
8;30;0.061365;
8;40;0.070538;
8;50;0.085306;
8;60;0.118238;
8;70;0.128492;
8;80;0.145116;
8;90;0.195962;
8;100;0.209626;
8;110;0.240429;
8;120;0.271842;
8;130;0.323371;
8;140;0.363121;
8;150;0.420828;
8;160;0.527997;
8;170;0.513892;
8;180;0.563693;
8;190;0.630886;
8;200;0.677423;
8;210;0.760923;
8;220;0.819266;
8;230;0.898694;
8;240;0.949011;
8;250;1.052486;
8;260;1.132161;
8;270;1.204720;
8;280;1.289590;
8;290;1.382639;
8;300;1.480468;
8;310;1.576334;
8;320;1.658648;
8;330;1.773170;
8;340;1.905672;
8;350;1.990216;
8;360;2.087751;
8;370;2.229760;
8;380;4.235882;
8;390;2.687862;
8;400;2.828659;
8;410;2.741109;
8;420;2.847885;
8;430;2.991805;
8;440;3.094821;
8;450;3.271060;
8;460;3.405927;
8;470;3.543982;
8;480;3.657567;
8;490;3.859819;
8;500;3.978761;
8;510;4.172999;
8;520;4.305013;
8;530;4.526394;
8;540;4.649762;
8;550;4.812851;
8;560;4.965663;
8;570;5.202128;
8;580;5.340576;
8;590;5.528141;
8;600;5.793929;
8;610;5.927738;
8;620;6.117074;
8;630;6.313096;
8;640;6.470858;
8;650;6.724628;
8;660;6.925378;
8;670;7.135336;
8;680;7.291901;
8;690;7.566415;
8;700;7.717984;
8;710;8.002101;
8;720;8.157236;
8;730;9.754906;
8;740;8.876769;
8;750;8.893202;
8;760;9.092532;
8;770;9.411774;
8;780;9.651890;
8;790;9.883482;
8;800;10.058599;
8;810;10.380248;
8;820;12.617945;
8;830;10.883895;
8;840;11.094067;
8;850;11.423482;
8;860;11.655925;
8;870;11.944081;
8;880;12.672450;
8;890;14.176110;
8;900;14.261390;
8;910;13.061126;
8;920;13.314169;
8;930;13.668427;
8;940;13.946684;
8;950;14.262388;
8;960;14.486125;
8;970;14.852799;
8;980;15.116173;
8;990;15.444017;
guided
1;10;0.016869;
1;20;0.053605;
1;30;0.113956;
1;40;0.202244;
1;50;0.316210;
1;60;0.454487;
1;70;0.617578;
1;80;0.811187;
1;90;1.013352;
1;100;1.256692;
1;110;1.512063;
1;120;1.804345;
1;130;2.115666;
1;140;2.453462;
1;150;2.799288;
1;160;3.206207;
1;170;3.610905;
1;180;4.059495;
1;190;4.495695;
1;200;5.018954;
1;210;5.512868;
1;220;6.053203;
1;230;6.579324;
1;240;7.209538;
1;250;7.767232;
1;260;8.528556;
1;270;9.048977;
1;280;9.843061;
1;290;10.437431;
1;300;11.294960;
1;310;11.938486;
1;320;12.809044;
1;330;13.555616;
1;340;14.462396;
1;350;15.265520;
1;360;16.197054;
1;370;17.101821;
1;380;18.066267;
1;390;18.896140;
1;400;20.071474;
1;410;20.863682;
1;420;22.077535;
1;430;22.944251;
1;440;24.187231;
1;450;25.153472;
1;460;26.532088;
1;470;27.598335;
1;480;28.819492;
1;490;29.834007;
1;500;31.279713;
1;510;32.420574;
1;520;33.857179;
1;530;35.015596;
1;540;36.502931;
1;550;37.757821;
1;560;39.196745;
1;570;40.616402;
1;580;42.160866;
1;590;43.493202;
1;600;45.291625;
1;610;46.647450;
1;620;48.381546;
1;630;49.884599;
1;640;51.512227;
1;650;53.440688;
1;660;55.062620;
1;670;56.748505;
1;680;58.495519;
1;690;60.293332;
1;700;62.074498;
1;710;63.978486;
1;720;65.822290;
1;730;67.651879;
1;740;69.508723;
1;750;71.461210;
1;760;73.379480;
1;770;75.559436;
1;780;77.263033;
1;790;79.299987;
1;800;81.403723;
1;810;83.452070;
1;820;85.420472;
1;830;87.756834;
1;840;89.573319;
1;850;92.013017;
1;860;94.043996;
1;870;96.329492;
1;880;98.600121;
1;890;100.821745;
1;900;103.195774;
1;910;105.365721;
1;920;107.498848;
1;930;110.094561;
1;940;112.348180;
1;950;114.904941;
1;960;117.056145;
1;970;119.830373;
1;980;122.074026;
1;990;124.643218;
2;10;0.026147;
2;20;0.042189;
2;30;0.075973;
2;40;0.115890;
2;50;0.171981;
2;60;0.245426;
2;70;0.327583;
2;80;0.419166;
2;90;0.529718;
2;100;0.650640;
2;110;0.775333;
2;120;0.925748;
2;130;1.073851;
2;140;1.252789;
2;150;1.431670;
2;160;1.624486;
2;170;1.820163;
2;180;2.051089;
2;190;2.273442;
2;200;2.530095;
2;210;2.770886;
2;220;3.061608;
2;230;3.314325;
2;240;3.628888;
2;250;3.912674;
2;260;4.264868;
2;270;4.550164;
2;280;4.945900;
2;290;5.249415;
2;300;5.684632;
2;310;6.005886;
2;320;6.465191;
2;330;6.795452;
2;340;7.280135;
2;350;7.658906;
2;360;8.165295;
2;370;8.527391;
2;380;9.090382;
2;390;9.507482;
2;400;10.039303;
2;410;10.501959;
2;420;11.061836;
2;430;11.530431;
2;440;12.147895;
2;450;12.644926;
2;460;13.278475;
2;470;13.790770;
2;480;14.514922;
2;490;14.969083;
2;500;15.712035;
2;510;16.303174;
2;520;17.016266;
2;530;17.531312;
2;540;18.295321;
2;550;18.910276;
2;560;19.630459;
2;570;20.271736;
2;580;21.110305;
2;590;21.791674;
2;600;22.531540;
2;610;23.227641;
2;620;24.063617;
2;630;24.764230;
2;640;25.576606;
2;650;26.348292;
2;660;27.349037;
2;670;28.019314;
2;680;28.926707;
2;690;29.684329;
2;700;30.714790;
2;710;31.465455;
2;720;32.412098;
2;730;33.366535;
2;740;34.266072;
2;750;35.114163;
2;760;36.138821;
2;770;37.091175;
2;780;38.214477;
2;790;39.003605;
2;800;40.052615;
2;810;41.770114;
2;820;42.105118;
2;830;43.313103;
2;840;44.241602;
2;850;54.081274;
2;860;46.588674;
2;870;47.590973;
2;880;48.762833;
2;890;49.883612;
2;900;51.166857;
2;910;52.264046;
2;920;53.455665;
2;930;54.692376;
2;940;55.957234;
2;950;57.167751;
2;960;58.361164;
2;970;59.820503;
2;980;60.908635;
2;990;62.369666;
3;10;0.025932;
3;20;0.038283;
3;30;0.060427;
3;40;0.089885;
3;50;0.127646;
3;60;0.170015;
3;70;0.231165;
3;80;0.293073;
3;90;0.363218;
3;100;0.450878;
3;110;0.536583;
3;120;0.791655;
3;130;0.740832;
3;140;0.853054;
3;150;0.966349;
3;160;1.112588;
3;170;1.237545;
3;180;1.385801;
3;190;1.548633;
3;200;1.719232;
3;210;1.859927;
3;220;2.066458;
3;230;2.236095;
3;240;2.437347;
3;250;2.642765;
3;260;2.875561;
3;270;3.053907;
3;280;3.320198;
3;290;3.540551;
3;300;3.803346;
3;310;4.036820;
3;320;4.322480;
3;330;4.563374;
3;340;4.871869;
3;350;5.136806;
3;360;5.444637;
3;370;5.765353;
3;380;6.072017;
3;390;6.354103;
3;400;6.758298;
3;410;7.013475;
3;420;7.395873;
3;430;7.717385;
3;440;8.141600;
3;450;8.451755;
3;460;8.879904;
3;470;9.213707;
3;480;9.664656;
3;490;10.036444;
3;500;10.507641;
3;510;10.869153;
3;520;11.346163;
3;530;11.748714;
3;540;12.225332;
3;550;12.644700;
3;560;13.127628;
3;570;13.521331;
3;580;14.113411;
3;590;14.535643;
3;600;15.048713;
3;610;15.537397;
3;620;16.096364;
3;630;16.555161;
3;640;17.099639;
3;650;17.632502;
3;660;18.216253;
3;670;18.785787;
3;680;19.343927;
3;690;19.855031;
3;700;20.564264;
3;710;21.019476;
3;720;21.625525;
3;730;22.215980;
3;740;23.007520;
3;750;23.455864;
3;760;24.138548;
3;770;24.735465;
3;780;25.437971;
3;790;26.003627;
3;800;26.703920;
3;810;27.311510;
3;820;28.076525;
3;830;28.775235;
3;840;29.435408;
3;850;30.072244;
3;860;30.978496;
3;870;31.590545;
3;880;32.362619;
3;890;33.114719;
3;900;33.900156;
3;910;34.631050;
3;920;35.412713;
3;930;36.013079;
3;940;36.985342;
3;950;37.685497;
3;960;38.569769;
3;970;39.394649;
3;980;40.244312;
3;990;40.999795;
4;10;0.029472;
4;20;0.039993;
4;30;0.059089;
4;40;0.077251;
4;50;0.109077;
4;60;0.137348;
4;70;0.185978;
4;80;0.226183;
4;90;0.288256;
4;100;0.344238;
4;110;0.413948;
4;120;0.480883;
4;130;0.569154;
4;140;0.645522;
4;150;0.742484;
4;160;0.833206;
4;170;0.941680;
4;180;1.049416;
4;190;1.172378;
4;200;1.288193;
4;210;1.418910;
4;220;1.552822;
4;230;1.704742;
4;240;1.841798;
4;250;1.992041;
4;260;2.160158;
4;270;2.326897;
4;280;2.495038;
4;290;2.673824;
4;300;2.866857;
4;310;3.048472;
4;320;3.245790;
4;330;3.455515;
4;340;3.664712;
4;350;3.883585;
4;360;4.098375;
4;370;4.328389;
4;380;4.573614;
4;390;4.798626;
4;400;5.054644;
4;410;5.310019;
4;420;5.566589;
4;430;5.849994;
4;440;6.121661;
4;450;6.398648;
4;460;6.671000;
4;470;6.962806;
4;480;7.269437;
4;490;7.530176;
4;500;7.894011;
4;510;8.228785;
4;520;8.521014;
4;530;8.827388;
4;540;9.166975;
4;550;9.499869;
4;560;9.861480;
4;570;10.217651;
4;580;10.589957;
4;590;13.826208;
4;600;11.334399;
4;610;11.880309;
4;620;12.096457;
4;630;12.484402;
4;640;12.885200;
4;650;13.275159;
4;660;13.683222;
4;670;14.092730;
4;680;14.518388;
4;690;14.944546;
4;700;15.425276;
4;710;15.834626;
4;720;16.255398;
4;730;21.401507;
4;740;17.195159;
4;750;17.642389;
4;760;18.097846;
4;770;18.601575;
4;780;19.120290;
4;790;19.563084;
4;800;20.043349;
4;810;20.516964;
4;820;21.097246;
4;830;21.614528;
4;840;22.463049;
4;850;22.588781;
4;860;23.237345;
4;870;23.758631;
4;880;24.301372;
4;890;24.865573;
4;900;25.465669;
4;910;25.968989;
4;920;26.607656;
4;930;27.077257;
4;940;27.784201;
4;950;28.310942;
4;960;28.899619;
4;970;29.513189;
4;980;30.248194;
4;990;30.746803;
5;10;0.035236;
5;20;0.042249;
5;30;0.057283;
5;40;0.070167;
5;50;0.097817;
5;60;0.118810;
5;70;0.157834;
5;80;0.186266;
5;90;0.234775;
5;100;0.285510;
5;110;0.339559;
5;120;0.393643;
5;130;0.462670;
5;140;0.527276;
5;150;0.600613;
5;160;0.677566;
5;170;0.758305;
5;180;0.849991;
5;190;0.942980;
5;200;1.044058;
5;210;1.137337;
5;220;1.252519;
5;230;1.364450;
5;240;1.485409;
5;250;1.603218;
5;260;1.734516;
5;270;1.861047;
5;280;2.007048;
5;290;2.139168;
5;300;2.302661;
5;310;2.451571;
5;320;2.610770;
5;330;2.763823;
5;340;2.944581;
5;350;3.097801;
5;360;3.297219;
5;370;3.464398;
5;380;3.668517;
5;390;3.850224;
5;400;4.053940;
5;410;4.232042;
5;420;4.470551;
5;430;4.665064;
5;440;4.901620;
5;450;5.096237;
5;460;5.361252;
5;470;5.566776;
5;480;5.831587;
5;490;6.032995;
5;500;6.319069;
5;510;6.569536;
5;520;6.830743;
5;530;7.079501;
5;540;7.358924;
5;550;7.611542;
5;560;7.930924;
5;570;8.172036;
5;580;8.490742;
5;590;8.751442;
5;600;9.073956;
5;610;9.349924;
5;620;9.682032;
5;630;9.996382;
5;640;10.342843;
5;650;10.593179;
5;660;10.980726;
5;670;11.266419;
5;680;11.632616;
5;690;11.926637;
5;700;12.356017;
5;710;12.643763;
5;720;12.999034;
5;730;13.406169;
5;740;13.816665;
5;750;14.133915;
5;760;14.500239;
5;770;14.881552;
5;780;15.293708;
5;790;15.636982;
5;800;16.067174;
5;810;16.442051;
5;820;16.910553;
5;830;17.304648;
5;840;17.731517;
5;850;18.151988;
5;860;18.632317;
5;870;19.007514;
5;880;19.478117;
5;890;19.876744;
5;900;20.364230;
5;910;20.793360;
5;920;21.232681;
5;930;21.718760;
5;940;22.247769;
5;950;22.755121;
5;960;23.168807;
5;970;23.689012;
5;980;24.120494;
5;990;24.718058;
6;10;0.039179;
6;20;0.046040;
6;30;0.055197;
6;40;0.073185;
6;50;0.089908;
6;60;0.119022;
6;70;0.136521;
6;80;0.179235;
6;90;0.203956;
6;100;0.251410;
6;110;0.297052;
6;120;0.347063;
6;130;0.394823;
6;140;0.462243;
6;150;0.511613;
6;160;0.585006;
6;170;0.653050;
6;180;0.722818;
6;190;0.799460;
6;200;0.896610;
6;210;0.958362;
6;220;1.065784;
6;230;1.163264;
6;240;1.252839;
6;250;1.360816;
6;260;1.484505;
6;270;1.558625;
6;280;1.725758;
6;290;1.817852;
6;300;1.942194;
6;310;2.066482;
6;320;2.217843;
6;330;2.314582;
6;340;2.483097;
6;350;2.621575;
6;360;2.761932;
6;370;2.914087;
6;380;3.101373;
6;390;3.252159;
6;400;3.512656;
6;410;3.584958;
6;420;3.750376;
6;430;3.931194;
6;440;4.156928;
6;450;4.264984;
6;460;4.491728;
6;470;4.671774;
6;480;4.886845;
6;490;5.067974;
6;500;5.325950;
6;510;5.494249;
6;520;5.723109;
6;530;7.100179;
6;540;6.175713;
6;550;6.372623;
6;560;6.652885;
6;570;6.808743;
6;580;7.110223;
6;590;7.331878;
6;600;7.582654;
6;610;7.826037;
6;620;8.137874;
6;630;8.317970;
6;640;8.605229;
6;650;8.907234;
6;660;9.191289;
6;670;9.441230;
6;680;9.815533;
6;690;9.977563;
6;700;10.350162;
6;710;10.595334;
6;720;10.869955;
6;730;11.199496;
6;740;11.541431;
6;750;11.754339;
6;760;12.172978;
6;770;12.482381;
6;780;12.808035;
6;790;13.141511;
6;800;13.455764;
6;810;13.714623;
6;820;14.122803;
6;830;14.564342;
6;840;14.778490;
6;850;15.215949;
6;860;15.610517;
6;870;15.838073;
6;880;16.261194;
6;890;16.659292;
6;900;17.015535;
6;910;17.365547;
6;920;17.842365;
6;930;18.080886;
6;940;18.667101;
6;950;18.950541;
6;960;19.304167;
6;970;19.767711;
6;980;20.175719;
6;990;20.550367;
7;10;0.040607;
7;20;0.048957;
7;30;0.065929;
7;40;0.067033;
7;50;0.095910;
7;60;0.106092;
7;70;0.134461;
7;80;0.157352;
7;90;0.186255;
7;100;0.226875;
7;110;0.262700;
7;120;0.304738;
7;130;0.350679;
7;140;0.394644;
7;150;0.464844;
7;160;0.506661;
7;170;0.574903;
7;180;0.631232;
7;190;0.703003;
7;200;0.769201;
7;210;0.831883;
7;220;0.927682;
7;230;1.004802;
7;240;1.100791;
7;250;1.177808;
7;260;1.272647;
7;270;1.364241;
7;280;1.455211;
7;290;1.568898;
7;300;1.687622;
7;310;1.793468;
7;320;1.907826;
7;330;2.022039;
7;340;2.144249;
7;350;2.249637;
7;360;2.396096;
7;370;2.519527;
7;380;2.667738;
7;390;2.797280;
7;400;2.952990;
7;410;3.090899;
7;420;3.216446;
7;430;3.392278;
7;440;3.547004;
7;450;3.700143;
7;460;3.869589;
7;470;4.017554;
7;480;4.216487;
7;490;4.337071;
7;500;4.659103;
7;510;4.796286;
7;520;4.945957;
7;530;5.085123;
7;540;5.291393;
7;550;5.498232;
7;560;5.676924;
7;570;5.887185;
7;580;6.076064;
7;590;6.315826;
7;600;6.521416;
7;610;6.735663;
7;620;6.977034;
7;630;7.170289;
7;640;7.390842;
7;650;7.639697;
7;660;7.864578;
7;670;8.130933;
7;680;8.346351;
7;690;8.582225;
7;700;8.825229;
7;710;9.131083;
7;720;9.311262;
7;730;9.618579;
7;740;9.882858;
7;750;10.637761;
7;760;10.449667;
7;770;10.687805;
7;780;11.012106;
7;790;11.248098;
7;800;11.512864;
7;810;11.843473;
7;820;12.096692;
7;830;12.439972;
7;840;12.665360;
7;850;12.991169;
7;860;13.322170;
7;870;13.650811;
7;880;13.960385;
7;890;14.256828;
7;900;14.802482;
7;910;14.851404;
7;920;15.232369;
7;930;15.520179;
7;940;15.898892;
7;950;16.245699;
7;960;16.552275;
7;970;16.946534;
7;980;17.286200;
7;990;17.665273;
8;10;0.047036;
8;20;0.058659;
8;30;0.076310;
8;40;0.069250;
8;50;0.092380;
8;60;0.113478;
8;70;0.140102;
8;80;0.146087;
8;90;0.184328;
8;100;0.220729;
8;110;0.241790;
8;120;0.276232;
8;130;0.336769;
8;140;0.374205;
8;150;0.440002;
8;160;0.445331;
8;170;0.518519;
8;180;0.565963;
8;190;0.625946;
8;200;0.676978;
8;210;0.757294;
8;220;0.820973;
8;230;0.891997;
8;240;0.959701;
8;250;1.042275;
8;260;1.421590;
8;270;1.209132;
8;280;1.289434;
8;290;1.393304;
8;300;1.482155;
8;310;1.576110;
8;320;1.659053;
8;330;1.783110;
8;340;1.880464;
8;350;1.992104;
8;360;2.083084;
8;370;3.749357;
8;380;2.736380;
8;390;3.058219;
8;400;2.552966;
8;410;2.728254;
8;420;2.829603;
8;430;2.989842;
8;440;3.092455;
8;450;3.270087;
8;460;3.392955;
8;470;3.549677;
8;480;3.656525;
8;490;3.869478;
8;500;3.982502;
8;510;4.169548;
8;520;4.291158;
8;530;4.531592;
8;540;4.655609;
8;550;5.655891;
8;560;4.961537;
8;570;5.192446;
8;580;5.362342;
8;590;5.560619;
8;600;5.714630;
8;610;5.945489;
8;620;6.353204;
8;630;7.626465;
8;640;6.480568;
8;650;6.712767;
8;660;6.913916;
8;670;7.139509;
8;680;7.295268;
8;690;7.562929;
8;700;7.722750;
8;710;8.008996;
8;720;8.217882;
8;730;9.990211;
8;740;8.735880;
8;750;8.893916;
8;760;9.095760;
8;770;9.426904;
8;780;9.578292;
8;790;9.869257;
8;800;10.077498;
8;810;10.388030;
8;820;10.603533;
8;830;10.887401;
8;840;11.111464;
8;850;11.438148;
8;860;11.631140;
8;870;11.956148;
8;880;12.166998;
8;890;12.518714;
8;900;14.919320;
8;910;13.050180;
8;920;13.311893;
8;930;13.647095;
8;940;13.897808;
8;950;14.227746;
8;960;14.462645;
8;970;14.860147;
8;980;15.157137;
8;990;15.754013;
Seq
10; 0.010284;
20; 0.040528;
30; 0.091080;
40; 0.163748;
50; 0.257403;
60; 0.367934;
70; 0.504038;
80; 0.656304;
90; 0.830574;
100; 1.026042;
110; 1.240109;
120; 1.481571;
130; 1.730480;
140; 2.014825;
150; 2.310169;
160; 2.621524;
170; 2.964232;
180; 3.323870;
190; 3.710619;
200; 4.095817;
210; 4.513464;
220; 4.956296;
230; 5.431780;
240; 5.926900;
250; 6.401836;
260; 6.927745;
270; 7.455845;
280; 8.039436;
290; 8.593853;
300; 9.220461;
310; 9.846341;
320; 10.483373;
330; 11.142315;
340; 11.857691;
350; 12.541733;
360; 13.288084;
370; 13.995479;
380; 14.800391;
390; 15.543655;
400; 16.381466;
410; 17.209693;
420; 18.081339;
430; 18.896852;
440; 19.851331;
450; 20.725590;
460; 21.700171;
470; 22.600018;
480; 23.634970;
490; 24.588350;
500; 25.665436;
510; 26.795605;
520; 27.732486;
530; 28.766154;
540; 29.938669;
550; 31.041098;
560; 32.257881;
570; 33.411900;
580; 34.640657;
590; 35.947019;
600; 37.092790;
610; 38.478818;
620; 39.773891;
630; 41.217746;
640; 42.550631;
650; 44.217553;
660; 45.433625;
670; 46.950592;
680; 48.373936;
690; 49.923409;
700; 51.307404;
710; 52.989884;
720; 54.443729;
730; 56.051802;

