static
1;10;0.000035;
1;20;0.000092;
1;30;0.000257;
1;40;0.000544;
1;50;0.001022;
1;60;0.001746;
1;70;0.002786;
1;80;0.004143;
1;90;0.005910;
1;100;0.008053;
1;110;0.010753;
1;120;0.013851;
1;130;0.017656;
1;140;0.021966;
1;150;0.027087;
1;160;0.032982;
1;170;0.039423;
1;180;0.046663;
1;190;0.054994;
1;200;0.063874;
1;210;0.074804;
1;220;0.085384;
1;230;0.097404;
1;240;0.109688;
1;250;0.125706;
1;260;0.141306;
1;270;0.160076;
1;280;0.176874;
1;290;0.197001;
1;300;0.219486;
1;310;0.241664;
1;320;0.312401;
1;330;0.295943;
1;340;0.344644;
1;350;0.351368;
1;360;0.380220;
1;370;0.419909;
1;380;0.465832;
1;390;0.534856;
1;400;0.545132;
1;410;0.670546;
1;420;0.658280;
1;430;0.716856;
1;440;0.783875;
1;450;0.851186;
1;460;0.919040;
1;470;0.992018;
1;480;1.102867;
1;490;1.154910;
1;500;1.238333;
1;510;1.324737;
1;520;1.437790;
1;530;1.552878;
1;540;1.677950;
1;550;1.795548;
1;560;1.928157;
1;570;2.060476;
1;580;1.919540;
1;590;2.300052;
1;600;2.424122;
1;610;2.549170;
1;620;2.680220;
1;630;2.429290;
1;640;2.624043;
1;650;3.114313;
1;660;3.265488;
1;670;2.948338;
1;680;3.583231;
1;690;3.618629;
1;700;3.395482;
1;710;3.531181;
1;720;3.660831;
1;730;3.807469;
1;740;3.974484;
1;750;4.129849;
1;760;4.299043;
1;770;4.472709;
1;780;4.658129;
1;790;4.834764;
1;800;4.991698;
1;810;5.205156;
1;820;5.410181;
1;830;5.599846;
1;840;5.808772;
1;850;6.015848;
1;860;6.235482;
1;870;6.448082;
1;880;6.669657;
1;890;6.896824;
1;900;7.176704;
1;910;7.376958;
1;920;7.627394;
1;930;7.877328;
1;940;8.157397;
1;950;8.397746;
1;960;8.581249;
1;970;8.946152;
1;980;9.251503;
1;990;9.514682;
2;10;0.000191;
2;20;0.000341;
2;30;0.000789;
2;40;0.001878;
2;50;0.003265;
2;60;0.006025;
2;70;0.008749;
2;80;0.013732;
2;90;0.019899;
2;100;0.025381;
2;110;0.033787;
2;120;0.046480;
2;130;0.055774;
2;140;0.074951;
2;150;0.090839;
2;160;0.112593;
2;170;0.132258;
2;180;0.158109;
2;190;0.184378;
2;200;0.203479;
2;210;0.252827;
2;220;0.289573;
2;230;0.328271;
2;240;0.350933;
2;250;0.395488;
2;260;0.464012;
2;270;0.516783;
2;280;0.593830;
2;290;0.607798;
2;300;0.745842;
2;310;0.821241;
2;320;1.043309;
2;330;0.980354;
2;340;1.149661;
2;350;1.196744;
2;360;1.190970;
2;370;1.394763;
2;380;1.420247;
2;390;1.768680;
2;400;1.826854;
2;410;2.210352;
2;420;2.149672;
2;430;2.352583;
2;440;2.609291;
2;450;2.825391;
2;460;2.685507;
2;470;3.274591;
2;480;3.673744;
2;490;3.802493;
2;500;4.068554;
2;510;4.327041;
2;520;4.684238;
2;530;5.097894;
2;540;4.714924;
2;550;5.251118;
2;560;6.290919;
2;570;5.313441;
2;580;7.046059;
2;590;6.671079;
2;600;7.702779;
2;610;8.189814;
2;620;6.857004;
2;630;8.096700;
2;640;8.041614;
2;650;8.397082;
2;660;9.282656;
2;670;9.802048;
2;680;10.218605;
2;690;9.500632;
2;700;10.353362;
2;710;11.536248;
2;720;10.656386;
2;730;11.199999;
2;740;13.045883;
2;750;13.486266;
2;760;13.990475;
2;770;14.533698;
2;780;15.360355;
2;790;14.097008;
2;800;16.282901;
2;810;17.125519;
2;820;17.736930;
2;830;18.396266;
2;840;17.024741;
2;850;19.629013;
2;860;20.453248;
2;870;21.205080;
2;880;21.907016;
2;890;22.619407;
2;900;23.464411;
2;910;21.670912;
2;920;22.210128;
2;930;22.986299;
2;940;26.744289;
2;950;27.619314;
2;960;28.548366;
2;970;29.355991;
2;980;27.018385;
2;990;31.329020;
3;10;0.000192;
3;20;0.000489;
3;30;0.001249;
3;40;0.002914;
3;50;0.005286;
3;60;0.009419;
3;70;0.013014;
3;80;0.023321;
3;90;0.031075;
3;100;0.043940;
3;110;0.057006;
3;120;0.075193;
3;130;0.082068;
3;140;0.119693;
3;150;0.143796;
3;160;0.165196;
3;170;0.213920;
3;180;0.219781;
3;190;0.278625;
3;200;0.323687;
3;210;0.369537;
3;220;0.434865;
3;230;0.532289;
3;240;0.513521;
3;250;0.683007;
3;260;0.747164;
3;270;0.799812;
3;280;0.856862;
3;290;0.908821;
3;300;1.154214;
3;310;1.211644;
3;320;1.463113;
3;330;1.479286;
3;340;1.754167;
3;350;1.783852;
3;360;1.879454;
3;370;2.229958;
3;380;4.301918;
3;390;2.527103;
3;400;2.716668;
3;410;3.325762;
3;420;3.309189;
3;430;3.565362;
3;440;3.701850;
3;450;3.637218;
3;460;4.523812;
3;470;4.870840;
3;480;5.301414;
3;490;5.617914;
3;500;6.008817;
3;510;6.477459;
3;520;6.463440;
3;530;7.310346;
3;540;7.635725;
3;550;8.367982;
3;560;8.399589;
3;570;9.351384;
3;580;9.212285;
3;590;10.614651;
3;600;11.031033;
3;610;11.594309;
3;620;12.212308;
3;630;9.743735;
3;640;13.422782;
3;650;12.661421;
3;660;11.325662;
3;670;13.729406;
3;680;15.565369;
3;690;13.201520;
3;700;16.638496;
3;710;14.028775;
3;720;14.728492;
3;730;16.749949;
3;740;18.359940;
3;750;16.662024;
3;760;20.175244;
3;770;20.610580;
3;780;23.375007;
3;790;19.415483;
3;800;23.866569;
3;810;23.986358;
3;820;25.157256;
3;830;26.140344;
3;840;22.993185;
3;850;33.798314;
3;860;29.844712;
3;870;41.035893;
3;880;26.447759;
3;890;31.756467;
3;900;33.416375;
3;910;33.997546;
3;920;30.165455;
3;930;31.588741;
3;940;54.668073;
3;950;40.710295;
3;960;39.563806;
3;970;43.277142;
3;980;42.518987;
3;990;44.496549;
4;10;0.000280;
4;20;0.000554;
4;30;0.001414;
4;40;0.002604;
4;50;0.005441;
4;60;0.009005;
4;70;0.014717;
4;80;0.021076;
4;90;0.027482;
4;100;0.043082;
4;110;0.050487;
4;120;0.074428;
4;130;0.094065;
4;140;0.103926;
4;150;0.138433;
4;160;0.172291;
4;170;0.185485;
4;180;0.220903;
4;190;0.285834;
4;200;0.329940;
4;210;0.349457;
4;220;0.398273;
4;230;0.457673;
4;240;0.552138;
4;250;0.645364;
4;260;0.665408;
4;270;0.825645;
4;280;0.876129;
4;290;1.026445;
4;300;1.121383;
4;310;1.236746;
4;320;1.435293;
4;330;1.362496;
4;340;1.692833;
4;350;1.727360;
4;360;1.974338;
4;370;2.201244;
4;380;2.355498;
4;390;2.660980;
4;400;2.698468;
4;410;2.941831;
4;420;3.151884;
4;430;3.303572;
4;440;3.751006;
4;450;4.161373;
4;460;4.234961;
4;470;4.417682;
4;480;5.271455;
4;490;5.310111;
4;500;5.079598;
4;510;5.937031;
4;520;6.385892;
4;530;6.875522;
4;540;7.385094;
4;550;7.539155;
4;560;7.320986;
4;570;8.028143;
4;580;8.361459;
4;590;9.680571;
4;600;8.676816;
4;610;10.576030;
4;620;11.643479;
4;630;12.179237;
4;640;10.930376;
4;650;11.098239;
4;660;12.725785;
4;670;12.308246;
4;680;15.453297;
4;690;14.673070;
4;700;15.589938;
4;710;16.809319;
4;720;17.218987;
4;730;17.788542;
4;740;17.718556;
4;750;17.501314;
4;760;20.740062;
4;770;20.654695;
4;780;22.063802;
4;790;22.121622;
4;800;22.782697;
4;810;26.210108;
4;820;22.228093;
4;830;25.742429;
4;840;31.400909;
4;850;28.582027;
4;860;28.427751;
4;870;27.275427;
4;880;32.068847;
4;890;30.977322;
4;900;33.744808;
4;910;30.695005;
4;920;34.783368;
4;930;35.138487;
4;940;33.674646;
4;950;38.561443;
4;960;40.952949;
4;970;40.393844;
4;980;38.142172;
4;990;44.914774;
5;10;0.000260;
5;20;0.000623;
5;30;0.001458;
5;40;0.003217;
5;50;0.005367;
5;60;0.008714;
5;70;0.014283;
5;80;0.023200;
5;90;0.030043;
5;100;0.040725;
5;110;0.052247;
5;120;0.067330;
5;130;0.090152;
5;140;0.114143;
5;150;0.134417;
5;160;0.180772;
5;170;0.217704;
5;180;0.243241;
5;190;0.304102;
5;200;0.330911;
5;210;0.363480;
5;220;0.430626;
5;230;0.539044;
5;240;0.608329;
5;250;0.634653;
5;260;0.777391;
5;270;0.819631;
5;280;0.919520;
5;290;0.978536;
5;300;1.121735;
5;310;1.253385;
5;320;1.445671;
5;330;1.516625;
5;340;1.692173;
5;350;1.691589;
5;360;1.873880;
5;370;2.102905;
5;380;2.312207;
5;390;2.574439;
5;400;2.726092;
5;410;3.106009;
5;420;3.060335;
5;430;3.318878;
5;440;3.768403;
5;450;3.812089;
5;460;4.722224;
5;470;5.091093;
5;480;4.927552;
5;490;5.845055;
5;500;5.709793;
5;510;6.657304;
5;520;6.378216;
5;530;7.002219;
5;540;7.447542;
5;550;10.446363;
5;560;7.704519;
5;570;9.166448;
5;580;8.622131;
5;590;9.468009;
5;600;10.013903;
5;610;11.211977;
5;620;11.844332;
5;630;11.202212;
5;640;12.921341;
5;650;12.192645;
5;660;15.279217;
5;670;13.909505;
5;680;15.759961;
5;690;14.162752;
5;700;15.225686;
5;710;15.155038;
5;720;16.445949;
5;730;18.433297;
5;740;17.835346;
5;750;20.596810;
5;760;21.766586;
5;770;20.189286;
5;780;20.889901;
5;790;21.764726;
5;800;24.905490;
5;810;26.113594;
5;820;24.226749;
5;830;24.614771;
5;840;26.148516;
5;850;30.353589;
5;860;30.131261;
5;870;31.144560;
5;880;33.481751;
5;890;31.442788;
5;900;32.084136;
5;910;32.441107;
5;920;34.288669;
5;930;35.849894;
5;940;40.918750;
5;950;37.937097;
5;960;43.421149;
5;970;44.945290;
5;980;46.202999;
5;990;45.550661;
6;10;0.000293;
6;20;0.000612;
6;30;0.001557;
6;40;0.003251;
6;50;0.006147;
6;60;0.009772;
6;70;0.014823;
6;80;0.022444;
6;90;0.033729;
6;100;0.047168;
6;110;0.059238;
6;120;0.074111;
6;130;0.093368;
6;140;0.130370;
6;150;0.149865;
6;160;0.180820;
6;170;0.210430;
6;180;0.248734;
6;190;0.300329;
6;200;0.341392;
6;210;0.407796;
6;220;0.452970;
6;230;0.533399;
6;240;0.646301;
6;250;0.673389;
6;260;0.778633;
6;270;0.926572;
6;280;0.980002;
6;290;1.049595;
6;300;1.290071;
6;310;1.313785;
6;320;1.558064;
6;330;1.602267;
6;340;1.735708;
6;350;1.933449;
6;360;2.064849;
6;370;2.421380;
6;380;2.449897;
6;390;2.640927;
6;400;2.896660;
6;410;3.387621;
6;420;3.380899;
6;430;3.670340;
6;440;4.294476;
6;450;4.269785;
6;460;4.419135;
6;470;4.998915;
6;480;5.119577;
6;490;5.353469;
6;500;5.500850;
6;510;6.387277;
6;520;7.163578;
6;530;7.554928;
6;540;7.713880;
6;550;8.590975;
6;560;8.427103;
6;570;9.416770;
6;580;9.503549;
6;590;11.587186;
6;600;10.490188;
6;610;12.125109;
6;620;12.746397;
6;630;11.697981;
6;640;12.671890;
6;650;14.098451;
6;660;13.375103;
6;670;15.925383;
6;680;15.068218;
6;690;15.213223;
6;700;17.286283;
6;710;21.243185;
6;720;18.437207;
6;730;17.792418;
6;740;18.991185;
6;750;20.680911;
6;760;21.655993;
6;770;20.756093;
6;780;22.037476;
6;790;22.615699;
6;800;25.105617;
6;810;25.562487;
6;820;26.637745;
6;830;31.226715;
6;840;27.232163;
6;850;28.029844;
6;860;33.061209;
6;870;30.000334;
6;880;31.292046;
6;890;40.932746;
6;900;37.297150;
6;910;37.057324;
6;920;38.946043;
6;930;41.875680;
6;940;39.689335;
6;950;41.766310;
6;960;41.571264;
6;970;41.948784;
6;980;44.398728;
6;990;45.585707;
7;10;0.000375;
7;20;0.000691;
7;30;0.001738;
7;40;0.003900;
7;50;0.008584;
7;60;0.012790;
7;70;0.017586;
7;80;0.024168;
7;90;0.034464;
7;100;0.048936;
7;110;0.066830;
7;120;0.086671;
7;130;0.104414;
7;140;0.130012;
7;150;0.161463;
7;160;0.200951;
7;170;0.231262;
7;180;0.281156;
7;190;0.353404;
7;200;0.397139;
7;210;0.452901;
7;220;0.535304;
7;230;0.609942;
7;240;0.670252;
7;250;0.787972;
7;260;0.878022;
7;270;0.942888;
7;280;1.082095;
7;290;1.237038;
7;300;1.323069;
7;310;1.464110;
7;320;1.737175;
7;330;1.760203;
7;340;2.049708;
7;350;2.177436;
7;360;2.291982;
7;370;2.571006;
7;380;2.916605;
7;390;3.245421;
7;400;3.334380;
7;410;3.819502;
7;420;3.861007;
7;430;4.127289;
7;440;4.390419;
7;450;4.924142;
7;460;5.340282;
7;470;5.412502;
7;480;6.133541;
7;490;6.415807;
7;500;6.811061;
7;510;6.756980;
7;520;7.787136;
7;530;7.695917;
7;540;8.197675;
7;550;9.203273;
7;560;9.199906;
7;570;11.067300;
7;580;10.987046;
7;590;11.774242;
7;600;12.191653;
7;610;11.975656;
7;620;12.831950;
7;630;12.753099;
7;640;14.757602;
7;650;15.891146;
7;660;15.717711;
7;670;17.903580;
7;680;15.985085;
7;690;18.720500;
7;700;20.008549;
7;710;18.833345;
7;720;20.138478;
7;730;19.750274;
7;740;21.003720;
7;750;23.666548;
7;760;22.739330;
7;770;24.989870;
7;780;24.755881;
7;790;25.768352;
7;800;27.084088;
7;810;28.301904;
7;820;29.831859;
7;830;30.670609;
7;840;32.323014;
7;850;33.095591;
7;860;34.685084;
7;870;35.868299;
7;880;34.480455;
7;890;37.843935;
7;900;38.604878;
7;910;40.750377;
7;920;41.733815;
7;930;40.960202;
7;940;44.416304;
7;950;45.972002;
7;960;49.354269;
7;970;50.022835;
7;980;47.393301;
7;990;51.320674;
8;10;0.003110;
8;20;0.000743;
8;30;0.001786;
8;40;0.003897;
8;50;0.006946;
8;60;0.012719;
8;70;0.018365;
8;80;0.027491;
8;90;0.038701;
8;100;0.053331;
8;110;0.070037;
8;120;0.085286;
8;130;0.113867;
8;140;0.141328;
8;150;0.171086;
8;160;0.212846;
8;170;0.251286;
8;180;0.306745;
8;190;0.351179;
8;200;0.426403;
8;210;0.481064;
8;220;0.539679;
8;230;0.617621;
8;240;0.727948;
8;250;0.808937;
8;260;0.913190;
8;270;1.053538;
8;280;1.166495;
8;290;1.271276;
8;300;1.388409;
8;310;1.554621;
8;320;1.837126;
8;330;1.861167;
8;340;2.104221;
8;350;2.230020;
8;360;2.429333;
8;370;2.687977;
8;380;2.985167;
8;390;3.246608;
8;400;3.346735;
8;410;3.890723;
8;420;4.155710;
8;430;4.407703;
8;440;4.573776;
8;450;5.113482;
8;460;5.637482;
8;470;5.617371;
8;480;6.418818;
8;490;6.437209;
8;500;7.156775;
8;510;7.809779;
8;520;7.791694;
8;530;9.016713;
8;540;9.650553;
8;550;9.344145;
8;560;10.605819;
8;570;11.170652;
8;580;11.080896;
8;590;11.461252;
8;600;13.082472;
8;610;13.008631;
8;620;13.479535;
8;630;15.707764;
8;640;15.650775;
8;650;15.810429;
8;660;16.391401;
8;670;17.394087;
8;680;18.056519;
8;690;19.664957;
8;700;19.376466;
8;710;19.343630;
8;720;21.530916;
8;730;22.046288;
8;740;21.915777;
8;750;23.675809;
8;760;22.179455;
8;770;25.078077;
8;780;26.881113;
8;790;26.709681;
8;800;29.436118;
8;810;28.694263;
8;820;30.660291;
8;830;30.933805;
8;840;32.959018;
8;850;34.444584;
8;860;34.352312;
8;870;37.900487;
8;880;39.287155;
8;890;40.091079;
8;900;41.989898;
8;910;40.749379;
8;920;43.756483;
8;930;45.719409;
8;940;47.573368;
8;950;48.073888;
8;960;50.442290;
8;970;48.564289;
8;980;50.900569;
8;990;55.617849;

dynamic
1;10;0.000029;
1;20;0.000090;
1;30;0.000237;
1;40;0.000530;
1;50;0.001016;
1;60;0.001729;
1;70;0.002786;
1;80;0.004148;
1;90;0.005858;
1;100;0.008110;
1;110;0.010774;
1;120;0.013839;
1;130;0.017633;
1;140;0.021928;
1;150;0.027090;
1;160;0.032994;
1;170;0.039468;
1;180;0.046605;
1;190;0.054875;
1;200;0.063742;
1;210;0.074642;
1;220;0.085465;
1;230;0.097625;
1;240;0.109489;
1;250;0.125765;
1;260;0.141018;
1;270;0.158485;
1;280;0.177070;
1;290;0.197017;
1;300;0.217940;
1;310;0.241353;
1;320;0.313101;
1;330;0.297517;
1;340;0.343266;
1;350;0.353134;
1;360;0.383342;
1;370;0.422604;
1;380;0.461369;
1;390;0.534057;
1;400;0.536629;
1;410;0.673370;
1;420;0.658384;
1;430;0.718568;
1;440;0.782458;
1;450;0.850507;
1;460;0.918546;
1;470;0.995269;
1;480;1.103257;
1;490;1.155054;
1;500;1.242527;
1;510;1.321309;
1;520;1.441637;
1;530;1.552129;
1;540;1.676135;
1;550;1.798133;
1;560;1.922371;
1;570;2.060475;
1;580;2.184172;
1;590;2.299946;
1;600;2.421127;
1;610;2.550971;
1;620;2.683288;
1;630;2.472420;
1;640;2.879561;
1;650;2.704039;
1;660;2.825637;
1;670;3.421439;
1;680;3.106511;
1;690;3.626484;
1;700;3.424787;
1;710;3.505292;
1;720;3.656433;
1;730;3.809810;
1;740;3.976194;
1;750;4.129773;
1;760;4.305562;
1;770;4.469581;
1;780;4.655564;
1;790;4.827022;
1;800;4.990353;
1;810;5.203587;
1;820;5.409813;
1;830;5.603628;
1;840;5.805110;
1;850;6.013446;
1;860;6.238506;
1;870;6.455100;
1;880;6.681060;
1;890;6.911295;
1;900;7.152471;
1;910;7.372349;
1;920;7.625008;
1;930;7.876093;
1;940;8.147972;
1;950;8.398960;
1;960;8.584410;
1;970;8.941906;
1;980;9.237651;
1;990;9.545819;
2;10;0.000137;
2;20;0.000274;
2;30;0.000760;
2;40;0.001856;
2;50;0.003317;
2;60;0.005421;
2;70;0.009168;
2;80;0.014095;
2;90;0.040882;
2;100;0.026871;
2;110;0.035786;
2;120;0.042496;
2;130;0.061494;
2;140;0.150744;
2;150;0.178346;
2;160;0.102429;
2;170;0.134588;
2;180;0.156104;
2;190;0.180114;
2;200;0.212995;
2;210;0.256164;
2;220;0.271457;
2;230;0.336278;
2;240;0.378549;
2;250;0.394286;
2;260;0.470030;
2;270;0.502928;
2;280;0.597225;
2;290;0.678778;
2;300;0.745440;
2;310;0.812463;
2;320;1.041066;
2;330;0.988406;
2;340;1.148687;
2;350;1.193130;
2;360;1.306103;
2;370;1.415552;
2;380;1.549772;
2;390;1.760652;
2;400;1.809115;
2;410;2.207457;
2;420;2.202375;
2;430;2.376988;
2;440;2.585681;
2;450;2.497831;
2;460;2.689839;
2;470;3.245992;
2;480;3.648269;
2;490;3.796549;
2;500;4.074402;
2;510;4.329543;
2;520;4.683731;
2;530;5.068581;
2;540;4.972103;
2;550;5.860557;
2;560;6.175248;
2;570;6.609171;
2;580;5.971302;
2;590;6.603950;
2;600;7.793211;
2;610;7.325807;
2;620;8.619189;
2;630;9.053418;
2;640;9.439255;
2;650;8.877584;
2;660;9.224303;
2;670;9.712692;
2;680;11.409548;
2;690;9.423722;
2;700;11.193782;
2;710;10.304565;
2;720;11.729497;
2;730;12.361404;
2;740;13.057846;
2;750;13.581801;
2;760;14.160489;
2;770;13.051585;
2;780;13.639510;
2;790;15.757756;
2;800;16.156341;
2;810;15.189712;
2;820;17.588246;
2;830;18.331302;
2;840;18.973373;
2;850;19.572291;
2;860;20.593316;
2;870;18.815231;
2;880;21.774480;
2;890;20.287803;
2;900;20.955777;
2;910;23.969081;
2;920;22.235228;
2;930;23.139913;
2;940;26.866092;
2;950;24.684545;
2;960;25.435260;
2;970;29.347894;
2;980;29.585930;
2;990;30.666726;
3;10;0.000189;
3;20;0.000483;
3;30;0.001332;
3;40;0.002671;
3;50;0.005344;
3;60;0.008172;
3;70;0.014235;
3;80;0.019177;
3;90;0.030906;
3;100;0.037906;
3;110;0.056087;
3;120;0.070514;
3;130;0.091679;
3;140;0.114574;
3;150;0.124911;
3;160;0.173539;
3;170;0.206702;
3;180;0.245795;
3;190;0.287972;
3;200;0.335157;
3;210;0.340681;
3;220;0.390104;
3;230;0.513738;
3;240;0.571295;
3;250;0.622677;
3;260;0.703251;
3;270;0.841271;
3;280;0.896124;
3;290;1.019777;
3;300;1.345865;
3;310;1.251009;
3;320;1.482873;
3;330;1.330275;
3;340;1.712859;
3;350;1.809528;
3;360;1.710434;
3;370;2.123060;
3;380;2.226409;
3;390;2.599539;
3;400;2.603707;
3;410;3.215236;
3;420;3.338096;
3;430;3.033210;
3;440;3.746264;
3;450;4.012706;
3;460;4.466819;
3;470;4.654915;
3;480;4.383186;
3;490;10.309544;
3;500;5.739730;
3;510;5.231712;
3;520;5.628229;
3;530;6.026754;
3;540;7.626606;
3;550;8.332593;
3;560;8.861626;
3;570;9.334781;
3;580;9.956498;
3;590;8.514066;
3;600;10.651543;
3;610;11.543035;
3;620;11.502145;
3;630;11.221716;
3;640;11.883982;
3;650;14.109774;
3;660;13.835515;
3;670;14.211602;
3;680;16.145819;
3;690;15.467770;
3;700;17.416842;
3;710;16.415824;
3;720;19.253160;
3;730;15.696303;
3;740;19.371407;
3;750;19.368634;
3;760;17.026514;
3;770;21.402098;
3;780;21.804261;
3;790;22.624058;
3;800;19.817115;
3;810;21.051485;
3;820;21.489434;
3;830;25.753924;
3;840;28.223243;
3;850;43.845498;
3;860;28.686324;
3;870;29.703911;
3;880;30.833831;
3;890;33.723298;
3;900;34.949072;
3;910;29.794497;
3;920;35.756350;
3;930;38.335491;
3;940;42.124215;
3;950;38.923181;
3;960;39.696603;
3;970;41.093138;
3;980;43.114423;
3;990;45.791269;
4;10;0.000249;
4;20;0.000521;
4;30;0.001367;
4;40;0.002864;
4;50;0.005289;
4;60;0.009335;
4;70;0.014281;
4;80;0.021679;
4;90;0.032546;
4;100;0.038120;
4;110;0.050593;
4;120;0.071829;
4;130;0.091021;
4;140;0.113625;
4;150;0.139146;
4;160;0.164588;
4;170;0.203988;
4;180;0.240660;
4;190;0.282346;
4;200;0.301826;
4;210;0.382342;
4;220;0.425893;
4;230;0.459378;
4;240;0.570993;
4;250;0.626888;
4;260;0.723062;
4;270;0.839212;
4;280;0.825780;
4;290;0.984110;
4;300;1.157850;
4;310;1.246143;
4;320;1.496957;
4;330;1.502461;
4;340;1.651447;
4;350;1.621768;
4;360;1.781613;
4;370;2.118628;
4;380;2.403899;
4;390;2.543004;
4;400;2.886230;
4;410;2.772769;
4;420;3.271442;
4;430;3.421435;
4;440;3.866669;
4;450;3.955277;
4;460;3.873028;
4;470;4.583257;
4;480;5.187092;
4;490;5.151345;
4;500;5.980279;
4;510;5.986442;
4;520;6.843032;
4;530;7.555113;
4;540;7.773889;
4;550;8.141717;
4;560;8.882716;
4;570;9.967512;
4;580;8.515326;
4;590;10.926506;
4;600;10.176009;
4;610;11.095217;
4;620;11.994601;
4;630;10.054986;
4;640;10.785398;
4;650;13.506359;
4;660;14.497090;
4;670;13.837808;
4;680;14.588900;
4;690;13.421526;
4;700;15.039596;
4;710;14.522897;
4;720;18.619903;
4;730;15.642321;
4;740;18.282925;
4;750;18.270540;
4;760;19.357584;
4;770;20.174938;
4;780;20.844565;
4;790;20.085375;
4;800;24.546702;
4;810;21.359874;
4;820;25.890750;
4;830;24.654734;
4;840;26.073743;
4;850;26.675978;
4;860;27.970786;
4;870;29.433933;
4;880;31.975301;
4;890;30.276850;
4;900;32.379835;
4;910;33.100868;
4;920;39.439873;
4;930;35.505049;
4;940;33.441902;
4;950;39.709292;
4;960;41.089584;
4;970;42.721286;
4;980;52.269111;
4;990;43.091026;
5;10;0.000266;
5;20;0.000605;
5;30;0.001344;
5;40;0.003024;
5;50;0.006096;
5;60;0.009646;
5;70;0.015425;
5;80;0.021440;
5;90;0.030048;
5;100;0.042085;
5;110;0.056051;
5;120;0.070724;
5;130;0.087169;
5;140;0.111311;
5;150;0.136624;
5;160;0.180249;
5;170;0.216481;
5;180;0.259055;
5;190;0.271059;
5;200;0.328925;
5;210;0.366906;
5;220;0.431066;
5;230;0.506352;
5;240;0.562842;
5;250;0.650637;
5;260;0.734398;
5;270;0.800138;
5;280;0.972650;
5;290;1.095563;
5;300;1.082546;
5;310;1.225360;
5;320;1.582388;
5;330;1.509209;
5;340;1.604238;
5;350;1.720680;
5;360;1.957330;
5;370;2.131279;
5;380;2.291399;
5;390;2.454598;
5;400;2.698481;
5;410;3.411181;
5;420;3.024207;
5;430;3.302146;
5;440;3.781364;
5;450;3.852795;
5;460;4.736965;
5;470;4.427497;
5;480;4.810998;
5;490;5.795347;
5;500;5.670936;
5;510;6.092114;
5;520;6.567418;
5;530;6.802045;
5;540;7.002629;
5;550;8.088313;
5;560;8.649943;
5;570;9.241059;
5;580;10.455070;
5;590;10.134954;
5;600;9.569680;
5;610;10.977953;
5;620;10.734551;
5;630;12.334546;
5;640;13.915453;
5;650;14.514476;
5;660;14.428545;
5;670;16.735846;
5;680;14.174675;
5;690;13.958773;
5;700;15.414831;
5;710;15.371928;
5;720;16.611396;
5;730;17.248130;
5;740;19.953276;
5;750;18.785205;
5;760;21.631132;
5;770;20.107895;
5;780;21.705647;
5;790;21.194734;
5;800;22.773501;
5;810;23.717706;
5;820;27.076945;
5;830;25.190155;
5;840;26.231831;
5;850;27.380343;
5;860;28.281722;
5;870;29.189321;
5;880;33.527614;
5;890;31.377324;
5;900;35.854291;
5;910;32.407309;
5;920;38.238217;
5;930;35.344799;
5;940;35.673852;
5;950;41.557658;
5;960;39.076890;
5;970;40.478061;
5;980;40.269660;
5;990;42.791115;
6;10;0.000334;
6;20;0.000700;
6;30;0.001532;
6;40;0.003148;
6;50;0.005808;
6;60;0.009817;
6;70;0.016385;
6;80;0.023199;
6;90;0.032524;
6;100;0.042865;
6;110;0.059908;
6;120;0.077208;
6;130;0.098050;
6;140;0.121891;
6;150;0.147850;
6;160;0.179389;
6;170;0.233312;
6;180;0.270777;
6;190;0.293848;
6;200;0.342479;
6;210;0.404747;
6;220;0.464602;
6;230;0.519232;
6;240;0.601364;
6;250;0.685551;
6;260;0.780610;
6;270;0.863034;
6;280;1.034954;
6;290;1.083922;
6;300;1.194333;
6;310;1.419375;
6;320;1.557755;
6;330;1.549905;
6;340;1.792841;
6;350;2.042579;
6;360;2.066189;
6;370;2.281591;
6;380;2.653634;
6;390;2.759593;
6;400;2.896416;
6;410;3.164089;
6;420;3.472047;
6;430;3.581795;
6;440;3.960485;
6;450;4.317658;
6;460;4.700620;
6;470;5.382487;
6;480;5.110175;
6;490;5.752100;
6;500;6.138848;
6;510;6.520549;
6;520;6.870539;
6;530;7.307371;
6;540;9.747588;
6;550;8.691980;
6;560;8.383923;
6;570;8.945387;
6;580;9.949089;
6;590;10.380979;
6;600;11.436501;
6;610;10.887053;
6;620;12.566046;
6;630;13.051344;
6;640;12.856641;
6;650;13.421088;
6;660;16.047154;
6;670;13.798689;
6;680;16.192795;
6;690;17.441575;
6;700;17.358375;
6;710;17.114769;
6;720;17.924327;
6;730;20.248792;
6;740;18.451715;
6;750;19.374821;
6;760;20.811729;
6;770;20.806714;
6;780;21.786871;
6;790;25.477507;
6;800;26.012105;
6;810;25.050716;
6;820;25.349856;
6;830;28.791894;
6;840;28.997831;
6;850;29.467882;
6;860;30.771930;
6;870;31.846416;
6;880;32.133516;
6;890;33.219921;
6;900;33.026094;
6;910;35.809462;
6;920;36.459740;
6;930;42.187082;
6;940;39.760073;
6;950;42.238700;
6;960;45.808192;
6;970;44.134424;
6;980;45.488937;
6;990;44.247043;
7;10;0.001651;
7;20;0.001977;
7;30;0.002888;
7;40;0.006344;
7;50;0.006204;
7;60;0.011678;
7;70;0.017218;
7;80;0.025636;
7;90;0.037285;
7;100;0.048051;
7;110;0.067675;
7;120;0.082871;
7;130;0.106238;
7;140;0.136783;
7;150;0.167852;
7;160;0.192201;
7;170;0.241619;
7;180;0.278791;
7;190;0.334173;
7;200;0.375309;
7;210;0.459405;
7;220;0.537312;
7;230;0.573417;
7;240;0.649772;
7;250;0.759233;
7;260;0.864213;
7;270;0.943881;
7;280;1.035311;
7;290;1.204352;
7;300;1.319003;
7;310;1.459601;
7;320;1.738876;
7;330;1.785605;
7;340;2.056757;
7;350;2.111986;
7;360;2.292899;
7;370;2.535538;
7;380;2.717539;
7;390;3.166322;
7;400;3.288763;
7;410;3.711108;
7;420;3.635373;
7;430;4.030056;
7;440;4.328298;
7;450;4.703092;
7;460;4.951912;
7;470;5.581099;
7;480;5.977568;
7;490;6.185578;
7;500;6.994856;
7;510;7.459023;
7;520;8.045430;
7;530;8.347913;
7;540;8.186000;
7;550;9.662455;
7;560;10.397526;
7;570;11.067218;
7;580;10.680971;
7;590;12.368558;
7;600;11.316428;
7;610;12.375950;
7;620;12.925985;
7;630;13.763585;
7;640;13.963237;
7;650;14.748457;
7;660;15.691496;
7;670;15.411128;
7;680;15.999990;
7;690;18.778577;
7;700;18.380372;
7;710;18.579382;
7;720;20.096818;
7;730;20.170192;
7;740;21.095991;
7;750;22.924304;
7;760;23.858514;
7;770;24.434872;
7;780;23.935274;
7;790;24.577890;
7;800;26.590397;
7;810;26.884873;
7;820;29.512254;
7;830;30.529329;
7;840;31.926900;
7;850;31.320883;
7;860;34.639178;
7;870;34.994880;
7;880;36.547831;
7;890;38.440389;
7;900;38.134003;
7;910;37.978160;
7;920;42.056290;
7;930;42.683221;
7;940;46.464313;
7;950;45.541212;
7;960;47.213682;
7;970;64.001327;
7;980;48.244840;
7;990;52.514935;
8;10;0.001665;
8;20;0.003410;
8;30;0.002994;
8;40;0.004979;
8;50;0.008064;
8;60;0.011659;
8;70;0.017951;
8;80;0.028047;
8;90;0.038451;
8;100;0.051947;
8;110;0.069071;
8;120;0.093208;
8;130;0.116745;
8;140;0.143798;
8;150;0.173745;
8;160;0.213861;
8;170;0.253673;
8;180;0.299569;
8;190;0.358710;
8;200;0.415687;
8;210;0.478652;
8;220;0.551568;
8;230;0.631640;
8;240;0.734760;
8;250;0.809047;
8;260;0.915512;
8;270;1.034230;
8;280;1.125039;
8;290;1.291113;
8;300;1.380795;
8;310;1.584568;
8;320;1.816698;
8;330;1.885219;
8;340;2.067293;
8;350;2.229786;
8;360;2.455086;
8;370;2.750829;
8;380;2.930177;
8;390;3.223779;
8;400;3.468891;
8;410;3.926786;
8;420;3.939439;
8;430;4.338775;
8;440;4.865468;
8;450;4.894785;
8;460;5.413595;
8;470;5.907864;
8;480;6.532830;
8;490;6.762764;
8;500;7.270268;
8;510;7.853967;
8;520;8.442406;
8;530;8.608046;
8;540;8.201609;
8;550;9.560119;
8;560;10.834175;
8;570;10.048092;
8;580;11.350448;
8;590;12.000078;
8;600;12.279532;
8;610;13.823942;
8;620;14.482746;
8;630;15.428672;
8;640;14.842527;
8;650;17.042381;
8;660;17.827929;
8;670;17.106126;
8;680;17.355714;
8;690;20.015151;
8;700;19.224800;
8;710;20.627954;
8;720;20.912791;
8;730;22.405867;
8;740;23.218680;
8;750;24.308354;
8;760;24.500834;
8;770;25.493967;
8;780;27.177217;
8;790;28.412333;
8;800;29.190259;
8;810;29.868937;
8;820;29.628748;
8;830;28.123332;
8;840;33.317347;
8;850;35.385143;
8;860;35.714536;
8;870;37.024339;
8;880;36.330801;
8;890;39.418778;
8;900;41.990328;
8;910;43.363225;
8;920;42.114062;
8;930;42.714019;
8;940;44.764546;
8;950;49.363761;
8;960;47.667525;
8;970;48.616941;
8;980;68.435707;
8;990;52.392982;

guided
1;10;0.000033;
1;20;0.000099;
1;30;0.000237;
1;40;0.000528;
1;50;0.001017;
1;60;0.001721;
1;70;0.002790;
1;80;0.004128;
1;90;0.005852;
1;100;0.008028;
1;110;0.010703;
1;120;0.013848;
1;130;0.017743;
1;140;0.022024;
1;150;0.027007;
1;160;0.033018;
1;170;0.039271;
1;180;0.046716;
1;190;0.054924;
1;200;0.063622;
1;210;0.074794;
1;220;0.085575;
1;230;0.097594;
1;240;0.109857;
1;250;0.125853;
1;260;0.141428;
1;270;0.158586;
1;280;0.177297;
1;290;0.198591;
1;300;0.218182;
1;310;0.240851;
1;320;0.313161;
1;330;0.294180;
1;340;0.344489;
1;350;0.353976;
1;360;0.380425;
1;370;0.420522;
1;380;0.465116;
1;390;0.531477;
1;400;0.533712;
1;410;0.667613;
1;420;0.655216;
1;430;0.719713;
1;440;0.781933;
1;450;0.855121;
1;460;0.917384;
1;470;0.994168;
1;480;1.102075;
1;490;1.155470;
1;500;1.239508;
1;510;1.321433;
1;520;1.441378;
1;530;1.552899;
1;540;1.541977;
1;550;1.790978;
1;560;1.721732;
1;570;1.811006;
1;580;2.180159;
1;590;2.297439;
1;600;2.421063;
1;610;2.549697;
1;620;2.406572;
1;630;2.432772;
1;640;2.883508;
1;650;3.112201;
1;660;2.851179;
1;670;3.123246;
1;680;3.582964;
1;690;3.249143;
1;700;3.846122;
1;710;3.505414;
1;720;3.656524;
1;730;3.812334;
1;740;3.978287;
1;750;4.132101;
1;760;4.296519;
1;770;4.475208;
1;780;4.660536;
1;790;4.833390;
1;800;4.990592;
1;810;5.209394;
1;820;5.413912;
1;830;5.602196;
1;840;5.804877;
1;850;6.017618;
1;860;6.242075;
1;870;6.450077;
1;880;6.675432;
1;890;6.904286;
1;900;7.148369;
1;910;7.373374;
1;920;7.624137;
1;930;7.875121;
1;940;8.144628;
1;950;8.397731;
1;960;8.596143;
1;970;9.010698;
1;980;9.239565;
1;990;9.505500;
2;10;0.000142;
2;20;0.000343;
2;30;0.000878;
2;40;0.001860;
2;50;0.003510;
2;60;0.006017;
2;70;0.009430;
2;80;0.013720;
2;90;0.018522;
2;100;0.026828;
2;110;0.036000;
2;120;0.046454;
2;130;0.058673;
2;140;0.074814;
2;150;0.092430;
2;160;0.112821;
2;170;0.131379;
2;180;0.157644;
2;190;0.173556;
2;200;0.214748;
2;210;0.252659;
2;220;0.300315;
2;230;0.327581;
2;240;0.351089;
2;250;0.431695;
2;260;0.480004;
2;270;0.499010;
2;280;0.604943;
2;290;0.669870;
2;300;0.736765;
2;310;0.826184;
2;320;0.914678;
2;330;0.982952;
2;340;1.039079;
2;350;1.176491;
2;360;1.309306;
2;370;1.420213;
2;380;1.537721;
2;390;1.745228;
2;400;1.804934;
2;410;2.204731;
2;420;2.185223;
2;430;2.363087;
2;440;2.584422;
2;450;2.493731;
2;460;3.021730;
2;470;5.489717;
2;480;5.874550;
2;490;3.342516;
2;500;3.589079;
2;510;4.325606;
2;520;4.722548;
2;530;4.415809;
2;540;5.400707;
2;550;5.013911;
2;560;10.583927;
2;570;6.680048;
2;580;7.050369;
2;590;7.314446;
2;600;7.015595;
2;610;8.210151;
2;620;6.895255;
2;630;8.866557;
2;640;8.446413;
2;650;8.987287;
2;660;8.229614;
2;670;9.528519;
2;680;9.624254;
2;690;10.547930;
2;700;10.535173;
2;710;11.429640;
2;720;11.738372;
2;730;12.428769;
2;740;13.033910;
2;750;12.108075;
2;760;14.222816;
2;770;14.651950;
2;780;15.284947;
2;790;15.813224;
2;800;16.206636;
2;810;16.812700;
2;820;17.638127;
2;830;18.351195;
2;840;19.041929;
2;850;19.708010;
2;860;18.175071;
2;870;21.206966;
2;880;24.665426;
2;890;22.471640;
2;900;39.155618;
2;910;21.665067;
2;920;22.235890;
2;930;33.334011;
2;940;38.366149;
2;950;27.602984;
2;960;28.503065;
2;970;29.067709;
2;980;30.166624;
2;990;27.919131;
3;10;0.000213;
3;20;0.000464;
3;30;0.001330;
3;40;0.002550;
3;50;0.005498;
3;60;0.009441;
3;70;0.014771;
3;80;0.021131;
3;90;0.032114;
3;100;0.038284;
3;110;0.054632;
3;120;0.069896;
3;130;0.096601;
3;140;0.103219;
3;150;0.138505;
3;160;0.153662;
3;170;0.201299;
3;180;0.217238;
3;190;0.297936;
3;200;0.297124;
3;210;0.462603;
3;220;0.452378;
3;230;0.533913;
3;240;0.514915;
3;250;0.635311;
3;260;0.709732;
3;270;0.737701;
3;280;0.825570;
3;290;1.079580;
3;300;1.187229;
3;310;1.322021;
3;320;1.519930;
3;330;1.578179;
3;340;1.735840;
3;350;1.875112;
3;360;1.894738;
3;370;2.063245;
3;380;2.283459;
3;390;2.552467;
3;400;2.787559;
3;410;3.154247;
3;420;2.876913;
3;430;3.651049;
3;440;3.917573;
3;450;3.611044;
3;460;4.267983;
3;470;4.658716;
3;480;5.422148;
3;490;5.504167;
3;500;9.420181;
3;510;5.402818;
3;520;12.942341;
3;530;7.140427;
3;540;7.949479;
3;550;8.032476;
3;560;8.984359;
3;570;9.097311;
3;580;10.086962;
3;590;9.964617;
3;600;9.715227;
3;610;11.108220;
3;620;12.354445;
3;630;23.203878;
3;640;12.852298;
3;650;12.197636;
3;660;23.541931;
3;670;17.288664;
3;680;12.372180;
3;690;16.310456;
3;700;15.621800;
3;710;16.955153;
3;720;16.944925;
3;730;18.656506;
3;740;18.397233;
3;750;20.204003;
3;760;20.832766;
3;770;20.523174;
3;780;22.507645;
3;790;22.430331;
3;800;20.035198;
3;810;20.994404;
3;820;45.482258;
3;830;27.185064;
3;840;27.412400;
3;850;24.149106;
3;860;29.792353;
3;870;29.923375;
3;880;27.091932;
3;890;32.042139;
3;900;45.859279;
3;910;34.597345;
3;920;35.148814;
3;930;38.600333;
3;940;39.779730;
3;950;38.589302;
3;960;40.571594;
3;970;43.292501;
3;980;43.195058;
3;990;60.537011;
4;10;0.000292;
4;20;0.000581;
4;30;0.001292;
4;40;0.002685;
4;50;0.005354;
4;60;0.009026;
4;70;0.014856;
4;80;0.028106;
4;90;0.030391;
4;100;0.042129;
4;110;0.050508;
4;120;0.071514;
4;130;0.082513;
4;140;0.114289;
4;150;0.126271;
4;160;0.169423;
4;170;0.205770;
4;180;0.244241;
4;190;0.256701;
4;200;0.330839;
4;210;0.384944;
4;220;0.442669;
4;230;0.501308;
4;240;0.569121;
4;250;0.591203;
4;260;0.751288;
4;270;0.810289;
4;280;0.826691;
4;290;0.975610;
4;300;1.131167;
4;310;1.128162;
4;320;1.453650;
4;330;1.507489;
4;340;1.518826;
4;350;1.622898;
4;360;1.959330;
4;370;2.111427;
4;380;2.335195;
4;390;2.533170;
4;400;2.727929;
4;410;3.194738;
4;420;2.893497;
4;430;3.122620;
4;440;4.255351;
4;450;4.100413;
4;460;4.592826;
4;470;4.929677;
4;480;4.846859;
4;490;5.470371;
4;500;5.423119;
4;510;6.102137;
4;520;6.684135;
4;530;7.032330;
4;540;7.486843;
4;550;8.122184;
4;560;8.068038;
4;570;8.365814;
4;580;8.722251;
4;590;10.277866;
4;600;9.968190;
4;610;11.122282;
4;620;11.286222;
4;630;11.588160;
4;640;13.030014;
4;650;11.072404;
4;660;14.591267;
4;670;14.102235;
4;680;14.741997;
4;690;16.299214;
4;700;14.080145;
4;710;15.395676;
4;720;15.370272;
4;730;18.385962;
4;740;18.072416;
4;750;19.061958;
4;760;20.732058;
4;770;19.789906;
4;780;21.456749;
4;790;20.052379;
4;800;23.055761;
4;810;21.623663;
4;820;24.457519;
4;830;24.897063;
4;840;26.421970;
4;850;26.596757;
4;860;29.392800;
4;870;28.430740;
4;880;29.908805;
4;890;33.381717;
4;900;37.952628;
4;910;33.422691;
4;920;31.660489;
4;930;33.392649;
4;940;36.686133;
4;950;37.714950;
4;960;41.316332;
4;970;42.872923;
4;980;40.623640;
4;990;48.714265;
5;10;0.000258;
5;20;0.000592;
5;30;0.001371;
5;40;0.002782;
5;50;0.005603;
5;60;0.008880;
5;70;0.013856;
5;80;0.021622;
5;90;0.030083;
5;100;0.042292;
5;110;0.056071;
5;120;0.072440;
5;130;0.097247;
5;140;0.107215;
5;150;0.132500;
5;160;0.182086;
5;170;0.204166;
5;180;0.260609;
5;190;0.284636;
5;200;0.330423;
5;210;0.384838;
5;220;0.462012;
5;230;0.508827;
5;240;0.558155;
5;250;0.640951;
5;260;0.765857;
5;270;0.823080;
5;280;0.872266;
5;290;1.008828;
5;300;1.184075;
5;310;1.171906;
5;320;1.441426;
5;330;1.418891;
5;340;1.616211;
5;350;1.848255;
5;360;1.917595;
5;370;2.254581;
5;380;2.465219;
5;390;2.770864;
5;400;2.688652;
5;410;3.087663;
5;420;3.172843;
5;430;3.280107;
5;440;3.769462;
5;450;3.984986;
5;460;4.279178;
5;470;4.594945;
5;480;4.774956;
5;490;5.028303;
5;500;5.686047;
5;510;6.016868;
5;520;6.514130;
5;530;6.812782;
5;540;7.504835;
5;550;7.557827;
5;560;7.486734;
5;570;9.703117;
5;580;10.390940;
5;590;10.243385;
5;600;11.350272;
5;610;11.405227;
5;620;10.545632;
5;630;10.760167;
5;640;11.621394;
5;650;13.384079;
5;660;12.736445;
5;670;13.509739;
5;680;15.812720;
5;690;14.668511;
5;700;16.904539;
5;710;15.784978;
5;720;16.217917;
5;730;19.071646;
5;740;17.749380;
5;750;19.912956;
5;760;27.441915;
5;770;22.205537;
5;780;22.581743;
5;790;21.925983;
5;800;25.123908;
5;810;23.728461;
5;820;26.966976;
5;830;25.183742;
5;840;26.267625;
5;850;27.276606;
5;860;29.796153;
5;870;28.043444;
5;880;29.116625;
5;890;35.672082;
5;900;31.082462;
5;910;32.042132;
5;920;34.069275;
5;930;34.679786;
5;940;35.514148;
5;950;40.014584;
5;960;39.102497;
5;970;40.426592;
5;980;42.655987;
5;990;45.046838;
6;10;0.000322;
6;20;0.000628;
6;30;0.001442;
6;40;0.003029;
6;50;0.005863;
6;60;0.009660;
6;70;0.014716;
6;80;0.024620;
6;90;0.033069;
6;100;0.045722;
6;110;0.059121;
6;120;0.081559;
6;130;0.096803;
6;140;0.122334;
6;150;0.148036;
6;160;0.176318;
6;170;0.209766;
6;180;0.246548;
6;190;0.302421;
6;200;0.348663;
6;210;0.433164;
6;220;0.468266;
6;230;0.534726;
6;240;0.577226;
6;250;0.687652;
6;260;0.784250;
6;270;0.868534;
6;280;1.030751;
6;290;1.080401;
6;300;1.206469;
6;310;1.318914;
6;320;1.687496;
6;330;1.598292;
6;340;1.775772;
6;350;2.039158;
6;360;2.061418;
6;370;2.436827;
6;380;2.473985;
6;390;2.787014;
6;400;2.928435;
6;410;3.257984;
6;420;3.434004;
6;430;3.994528;
6;440;4.133582;
6;450;4.661037;
6;460;4.700871;
6;470;5.342519;
6;480;5.418546;
6;490;5.427613;
6;500;6.154448;
6;510;6.155358;
6;520;7.167612;
6;530;7.246389;
6;540;7.513596;
6;550;8.143940;
6;560;8.984996;
6;570;9.700664;
6;580;10.435224;
6;590;10.086089;
6;600;12.182063;
6;610;11.614519;
6;620;12.529959;
6;630;13.660957;
6;640;13.792782;
6;650;14.263334;
6;660;13.615019;
6;670;15.707856;
6;680;16.530749;
6;690;17.890737;
6;700;18.134566;
6;710;17.535544;
6;720;23.776608;
6;730;17.871458;
6;740;23.474073;
6;750;20.334917;
6;760;22.838896;
6;770;20.969199;
6;780;22.245340;
6;790;22.668590;
6;800;24.131051;
6;810;26.524600;
6;820;27.038256;
6;830;26.965749;
6;840;27.196052;
6;850;29.326888;
6;860;33.194928;
6;870;30.186833;
6;880;34.769830;
6;890;36.316963;
6;900;35.832261;
6;910;35.881447;
6;920;35.380342;
6;930;38.013910;
6;940;39.100075;
6;950;40.901724;
6;960;45.801240;
6;970;43.085799;
6;980;44.979562;
6;990;44.619161;
7;10;0.000373;
7;20;0.003390;
7;30;0.001664;
7;40;0.004084;
7;50;0.006589;
7;60;0.011052;
7;70;0.016557;
7;80;0.025771;
7;90;0.035581;
7;100;0.048971;
7;110;0.069261;
7;120;0.086362;
7;130;0.111325;
7;140;0.132642;
7;150;0.158225;
7;160;0.203224;
7;170;0.245173;
7;180;0.268447;
7;190;0.284610;
7;200;0.313145;
7;210;0.372205;
7;220;0.394580;
7;230;0.552816;
7;240;0.582744;
7;250;0.706945;
7;260;0.836099;
7;270;1.001402;
7;280;1.102164;
7;290;1.199848;
7;300;1.378068;
7;310;1.509351;
7;320;1.788510;
7;330;1.705177;
7;340;2.017134;
7;350;2.146221;
7;360;2.323162;
7;370;2.532900;
7;380;2.737992;
7;390;2.986084;
7;400;3.348504;
7;410;3.858457;
7;420;3.878160;
7;430;4.163120;
7;440;4.224031;
7;450;4.845315;
7;460;4.880536;
7;470;5.666573;
7;480;5.658022;
7;490;6.416965;
7;500;6.862959;
7;510;6.771002;
7;520;7.827038;
7;530;8.310070;
7;540;8.810112;
7;550;8.692167;
7;560;9.244772;
7;570;10.012834;
7;580;11.683583;
7;590;10.613989;
7;600;11.543782;
7;610;12.026386;
7;620;12.817912;
7;630;14.086490;
7;640;13.783671;
7;650;15.999938;
7;660;14.950270;
7;670;16.732160;
7;680;18.475969;
7;690;17.675707;
7;700;17.854720;
7;710;20.052988;
7;720;19.508334;
7;730;19.683313;
7;740;21.628283;
7;750;22.645956;
7;760;22.148750;
7;770;23.811059;
7;780;23.954064;
7;790;27.549069;
7;800;25.434244;
7;810;28.924815;
7;820;30.155570;
7;830;31.104218;
7;840;32.528661;
7;850;31.751901;
7;860;35.154728;
7;870;36.844727;
7;880;37.158123;
7;890;39.419598;
7;900;37.685133;
7;910;41.121390;
7;920;40.579104;
7;930;42.014445;
7;940;44.611990;
7;950;46.148318;
7;960;46.010102;
7;970;48.588302;
7;980;51.404531;
7;990;49.514052;
8;10;0.001023;
8;20;0.000720;
8;30;0.005658;
8;40;0.003706;
8;50;0.006838;
8;60;0.011640;
8;70;0.018163;
8;80;0.027265;
8;90;0.038158;
8;100;0.051235;
8;110;0.067844;
8;120;0.090385;
8;130;0.113522;
8;140;0.143632;
8;150;0.172256;
8;160;0.210065;
8;170;0.250797;
8;180;0.307558;
8;190;0.360106;
8;200;0.405879;
8;210;0.474837;
8;220;0.569244;
8;230;0.618944;
8;240;0.719503;
8;250;0.825874;
8;260;0.910206;
8;270;1.053305;
8;280;1.130168;
8;290;1.242461;
8;300;1.377463;
8;310;1.546864;
8;320;1.765825;
8;330;1.844044;
8;340;2.171049;
8;350;2.332635;
8;360;2.476876;
8;370;2.617806;
8;380;2.931170;
8;390;3.131608;
8;400;3.535274;
8;410;3.737684;
8;420;4.065078;
8;430;4.474898;
8;440;4.561643;
8;450;5.237525;
8;460;5.571030;
8;470;5.617845;
8;480;6.544549;
8;490;6.954714;
8;500;7.229614;
8;510;7.678391;
8;520;8.203122;
8;530;8.751304;
8;540;9.337890;
8;550;9.897926;
8;560;10.899341;
8;570;11.359631;
8;580;11.478832;
8;590;12.419278;
8;600;12.298614;
8;610;14.018176;
8;620;13.051081;
8;630;14.351588;
8;640;15.114206;
8;650;16.144744;
8;660;17.828269;
8;670;16.963796;
8;680;17.946431;
8;690;19.122229;
8;700;20.686762;
8;710;20.029039;
8;720;20.901200;
8;730;22.410846;
8;740;21.910663;
8;750;24.319788;
8;760;24.601659;
8;770;26.201590;
8;780;26.128582;
8;790;27.842165;
8;800;27.580921;
8;810;29.774064;
8;820;31.562055;
8;830;32.116050;
8;840;33.425807;
8;850;34.415386;
8;860;36.024993;
8;870;35.603661;
8;880;38.165482;
8;890;39.294737;
8;900;39.238802;
8;910;42.217186;
8;920;44.848999;
8;930;45.386733;
8;940;47.013355;
8;950;48.016945;
8;960;49.397556;
8;970;51.117674;
8;980;52.503275;
8;990;54.364153;

Seq
10; 0.000008;
20; 0.000053;
30; 0.000176;
40; 0.000420;
50; 0.000830;
60; 0.001400;
70; 0.002268;
80; 0.003357;
90; 0.004836;
100; 0.006611;
110; 0.008762;
120; 0.011337;
130; 0.014485;
140; 0.018016;
150; 0.022301;
160; 0.027022;
170; 0.032235;
180; 0.038106;
190; 0.044978;
200; 0.052120;
210; 0.060514;
220; 0.069608;
230; 0.079616;
240; 0.090164;
250; 0.102237;
260; 0.114764;
270; 0.129392;
280; 0.143806;
290; 0.159988;
300; 0.176556;
310; 0.195622;
320; 0.248594;
330; 0.236630;
340; 0.271121;
350; 0.285210;
360; 0.308261;
370; 0.336465;
380; 0.370661;
390; 0.415546;
400; 0.433969;
410; 0.517337;
420; 0.517344;
430; 0.562159;
440; 0.610813;
450; 0.659781;
460; 0.710008;
470; 0.764367;
480; 0.844547;
490; 0.892886;
500; 0.955168;
510; 1.014491;
520; 1.107610;
530; 1.201589;
540; 1.294519;
550; 1.380786;
560; 1.477908;
570; 1.588099;
580; 1.676783;
590; 1.556332;
600; 1.635970;
610; 1.709240;
620; 2.085426;
630; 2.186265;
640; 2.235303;
650; 2.125162;
660; 2.537922;
670; 2.290642;
680; 2.373409;
690; 2.500553;
700; 2.585752;
710; 2.691941;
720; 2.803217;
730; 2.927895;
740; 3.047224;
750; 3.174777;
760; 3.299153;
770; 3.431682;
780; 3.567767;
790; 3.706022;
800; 3.833824;
810; 4.028757;
820; 4.150619;
830; 4.295084;
840; 4.454237;
850; 4.622114;
860; 4.778001;
870; 4.957923;
880; 5.135533;
890; 5.297352;
900; 5.477601;
910; 5.669189;
920; 5.846110;
930; 6.055081;
940; 6.232119;
950; 6.449542;
960; 6.614077;
970; 6.868519;
980; 7.074884;
990; 7.293255;

