1 thread OMP_SCHEDULE=static
10; 2.8
20; 2.6
30; 2.53333
40; 2.7
50; 2.64
60; 2.66667
70; 2.68571
80; 2.75
90; 2.75556
100; 2.76
110; 2.83636
120; 2.83333
130; 2.86154
140; 2.85714
150; 2.85333
160; 2.875
170; 2.89412
180; 2.93333
190; 2.90526
200; 2.94
210; 2.97143
220; 2.98182
230; 2.97391
240; 3.01667
250; 2.96
260; 2.98462
270; 3.00741
280; 2.98571
290; 2.96552
300; 3
310; 3.01935
320; 3.0375
330; 3.0303
340; 3.04706
350; 3.05143
360; 3.05556
370; 3.08108
380; 3.09474
390; 3.08718
400; 3.08
410; 3.06341
420; 3.06667
430; 3.06977
440; 3.07273
450; 3.08444
460; 3.10435
470; 3.11489
480; 3.10833
490; 3.10204
500; 3.112
510; 3.12157
520; 3.11538
530; 3.11698
540; 3.11111
550; 3.10545
560; 3.10714
570; 3.11579
580; 3.11034
590; 3.10508
600; 3.12
610; 3.11475
620; 3.12258
630; 3.12381
640; 3.125
650; 3.12
660; 3.12727
670; 3.12836
680; 3.13529
690; 3.13623
700; 3.13714
710; 3.13803
720; 3.14444
730; 3.15068
740; 3.15676
750; 3.152
760; 3.15789
770; 3.15325
780; 3.15897
790; 3.16456
800; 3.17
810; 3.16049
820; 3.17073
830; 3.17108
840; 3.17143
850; 3.16706
860; 3.14884
870; 3.14943
880; 3.15
890; 3.15056
900; 3.14667
910; 3.15165
920; 3.15217
930; 3.15699
940; 3.16596
950; 3.16632
960; 3.15833
970; 3.16289
980; 3.16735
990; 3.16364

2 threads OMP_SCHEDULE=static
10; 2.8
20; 2.8
30; 2.66667
40; 3
50; 3.04
60; 2.53333
70; 2.68571
80; 2.9
90; 3.02222
100; 3.08
110; 3.01818
120; 2.9
130; 2.92308
140; 2.85714
150; 3.01333
160; 3.025
170; 2.98824
180; 3
190; 2.98947
200; 3.1
210; 3.04762
220; 3.01818
230; 3.02609
240; 3.08333
250; 3.024
260; 3.06154
270; 3.06667
280; 3.04286
290; 3.04828
300; 3.01333
310; 2.98065
320; 3.075
330; 3.05455
340; 3.04706
350; 3.08571
360; 3.06667
370; 3.13514
380; 3.06316
390; 3.06667
400; 3.15
410; 2.99512
420; 3.11429
430; 3.04186
440; 3.10909
450; 3.08444
460; 3.10435
470; 3.14894
480; 3.09167
490; 3.14286
500; 3.16
510; 3.09804
520; 3.13077
530; 3.18491
540; 3.11111
550; 3.14182
560; 3.2
570; 3.09474
580; 3.08966
590; 3.1322
600; 3.10667
610; 3.19344
620; 3.14839
630; 3.1746
640; 3.125
650; 3.13231
660; 3.09697
670; 3.18806
680; 3.18824
690; 3.13043
700; 3.13143
710; 3.18873
720; 3.16111
730; 3.16712
740; 3.20541
750; 3.14667
760; 3.13684
770; 3.07532
780; 3.20513
790; 3.15443
800; 3.16
810; 3.16049
820; 3.20488
830; 3.15663
840; 3.17143
850; 3.09176
860; 3.16744
870; 3.16322
880; 3.15455
890; 3.18202
900; 3.15111
910; 3.16044
920; 3.11739
930; 3.1957
940; 3.22128
950; 3.22105
960; 3.175
970; 3.13814
980; 3.15102
990; 3.19192

3 threads OMP_SCHEDULE=static
10; 2.8
20; 2.8
30; 2.4
40; 2.7
50; 2.64
60; 2.73333
70; 2.91429
80; 2.95
90; 3.06667
100; 3
110; 2.90909
120; 2.93333
130; 2.83077
140; 3
150; 2.88
160; 2.925
170; 3.08235
180; 2.91111
190; 3.03158
200; 3
210; 3.00952
220; 3
230; 3.02609
240; 3.05
250; 3.024
260; 3.01538
270; 3.03704
280; 2.88571
290; 2.96552
300; 3.08
310; 2.95484
320; 3.15
330; 3.0303
340; 3.08235
350; 3.02857
360; 3.11111
370; 2.98378
380; 3.07368
390; 3.06667
400; 3.08
410; 3.02439
420; 3.12381
430; 3.10698
440; 3.06364
450; 3.09333
460; 3.07826
470; 3.11489
480; 3.125
490; 3.08571
500; 3.112
510; 3.10588
520; 3.13077
530; 3.10189
540; 3.11111
550; 3.12727
560; 3.07143
570; 3.05965
580; 3.06897
590; 3.07797
600; 3.14
610; 3.05574
620; 3.06452
630; 3.10476
640; 3.125
650; 3.06462
660; 3.13939
670; 3.1403
680; 3.12353
690; 3.14203
700; 3.14857
710; 3.12113
720; 3.11667
730; 3.12877
740; 3.16216
750; 3.13067
760; 3.17368
770; 3.08052
780; 3.15385
790; 3.14937
800; 3.12
810; 3.12099
820; 3.14634
830; 3.1759
840; 3.15238
850; 3.14824
860; 3.15814
870; 3.2
880; 3.17727
890; 3.12809
900; 3.18667
910; 3.14286
920; 3.17391
930; 3.13548
940; 3.15319
950; 3.21263
960; 3.14583
970; 3.16289
980; 3.15102
990; 3.13939

4 threads OMP_SCHEDULE=static
10; 2.4
20; 3
30; 2.93333
40; 2.6
50; 2.96
60; 2.86667
70; 2.57143
80; 2.9
90; 2.88889
100; 2.88
110; 2.98182
120; 2.86667
130; 2.86154
140; 2.94286
150; 2.98667
160; 2.95
170; 2.87059
180; 3
190; 3.13684
200; 2.98
210; 3.00952
220; 3.09091
230; 3.04348
240; 3.03333
250; 2.928
260; 3
270; 3.05185
280; 3
290; 2.9931
300; 2.92
310; 3.07097
320; 2.9625
330; 3.0303
340; 3.05882
350; 3.12
360; 3.06667
370; 3.1027
380; 3.11579
390; 3.06667
400; 3.12
410; 3.09268
420; 3.10476
430; 3.08837
440; 3.07273
450; 3.15556
460; 3.03478
470; 3.05532
480; 3.13333
490; 3.14286
500; 3.152
510; 3.16863
520; 3.14615
530; 3.14717
540; 3.05926
550; 3.11273
560; 3.16429
570; 3.06667
580; 3.07586
590; 3.12542
600; 3.1
610; 3.08852
620; 3.12903
630; 3.06032
640; 3.1375
650; 3.07077
660; 3.14545
670; 3.12836
680; 3.11176
690; 3.17101
700; 3.13143
710; 3.17183
720; 3.18333
730; 3.14521
740; 3.15676
750; 3.152
760; 3.15789
770; 3.12727
780; 3.12308
790; 3.17975
800; 3.185
810; 3.18519
820; 3.16585
830; 3.14217
840; 3.19524
850; 3.20941
860; 3.14419
870; 3.15862
880; 3.14091
890; 3.14157
900; 3.17333
910; 3.15165
920; 3.11304
930; 3.11828
940; 3.10638
950; 3.13684
960; 3.09167
970; 3.14639
980; 3.17959
990; 3.16364

5 threads OMP_SCHEDULE=static
10; 2.8
20; 2.4
30; 2.93333
40; 2.9
50; 2.64
60; 2.6
70; 2.68571
80; 2.65
90; 2.71111
100; 2.92
110; 2.83636
120; 2.83333
130; 2.89231
140; 3
150; 3.06667
160; 3.1
170; 2.98824
180; 3
190; 3.03158
200; 3.06
210; 3.06667
220; 3.07273
230; 2.93913
240; 3.11667
250; 3.136
260; 3
270; 3.00741
280; 3.01429
290; 2.97931
300; 3.08
310; 3.14839
320; 3.05
330; 2.95758
340; 3.03529
350; 3.09714
360; 3.05556
370; 3.17838
380; 3.04211
390; 3.08718
400; 3.13
410; 3.06341
420; 3.1619
430; 3.07907
440; 3.02727
450; 3.05778
460; 3.12174
470; 3.09787
480; 3.13333
490; 3.09388
500; 3.08
510; 3.11373
520; 3.12308
530; 3.16981
540; 3.12593
550; 3.17091
560; 3.12143
570; 3.09474
580; 3.15172
590; 3.14576
600; 3.11333
610; 3.09508
620; 3.12258
630; 3.14921
640; 3.1375
650; 3.10769
660; 3.07879
670; 3.12836
680; 3.22353
690; 3.14203
700; 3.13143
710; 3.13803
720; 3.13333
730; 3.17808
740; 3.14054
750; 3.13067
760; 3.12632
770; 3.15844
780; 3.15385
790; 3.17975
800; 3.15
810; 3.1358
820; 3.17561
830; 3.13735
840; 3.15714
850; 3.17647
860; 3.11163
870; 3.14483
880; 3.22273
890; 3.16404
900; 3.17333
910; 3.19121
920; 3.21739
930; 3.14409
940; 3.20426
950; 3.19158
960; 3.16667
970; 3.21237
980; 3.16735
990; 3.22828

6 threads OMP_SCHEDULE=static
10; 2.8
20; 2.6
30; 2.93333
40; 2.7
50; 2.72
60; 2.86667
70; 2.85714
80; 2.85
90; 2.88889
100; 2.84
110; 2.87273
120; 2.93333
130; 2.83077
140; 3.02857
150; 2.98667
160; 3.075
170; 3.08235
180; 3
190; 2.86316
200; 2.98
210; 3.00952
220; 3.05455
230; 3.09565
240; 3.08333
250; 3.072
260; 2.96923
270; 3.03704
280; 3.08571
290; 3.0069
300; 2.96
310; 3.00645
320; 3
330; 3.06667
340; 3.14118
350; 3.07429
360; 3.16667
370; 3.11351
380; 3.18947
390; 3.05641
400; 3.17
410; 3.05366
420; 3.1619
430; 3.09767
440; 3.03636
450; 3.11111
460; 3.17391
470; 3.1234
480; 3.18333
490; 3.13469
500; 3.128
510; 3.16863
520; 3.1
530; 3.16226
540; 3.08148
550; 3.03273
560; 3.15714
570; 3.07368
580; 3.22069
590; 3.14576
600; 3.16667
610; 3.11475
620; 3.12258
630; 3.14921
640; 3.1625
650; 3.16308
660; 3.1697
670; 3.17015
680; 3.12353
690; 3.15362
700; 3.18286
710; 3.11549
720; 3.22778
730; 3.1726
740; 3.12973
750; 3.104
760; 3.12632
770; 3.14286
780; 3.18974
790; 3.13418
800; 3.25
810; 3.16049
820; 3.17561
830; 3.20482
840; 3.14286
850; 3.11529
860; 3.16279
870; 3.09425
880; 3.15455
890; 3.10562
900; 3.19111
910; 3.2
920; 3.1913
930; 3.13978
940; 3.1617
950; 3.21684
960; 3.20417
970; 3.13814
980; 3.2
990; 3.16364

7 threads OMP_SCHEDULE=static
10; 2.8
20; 3.2
30; 3.06667
40; 2.8
50; 2.8
60; 3
70; 2.85714
80; 2.8
90; 2.93333
100; 2.84
110; 2.8
120; 3
130; 2.92308
140; 2.91429
150; 2.93333
160; 2.95
170; 2.98824
180; 2.95556
190; 2.92632
200; 2.96
210; 3.04762
220; 2.98182
230; 2.93913
240; 3
250; 3.072
260; 3.01538
270; 3.02222
280; 2.95714
290; 2.89655
300; 2.89333
310; 3.03226
320; 3
330; 3.04242
340; 3.09412
350; 3.14286
360; 3.01111
370; 3.07027
380; 3.05263
390; 3.06667
400; 3.17
410; 3.07317
420; 3.14286
430; 3.13488
440; 3.02727
450; 3.12
460; 3.10435
470; 3.04681
480; 3.16667
490; 3.00408
500; 3.192
510; 3.18431
520; 3.10769
530; 3.2
540; 3.11111
550; 3.09818
560; 3.14286
570; 3.15789
580; 3.13103
590; 3.13898
600; 3.1
610; 3.14098
620; 3.15484
630; 3.09206
640; 3.10625
650; 3.12615
660; 3.13939
670; 3.18209
680; 3.18824
690; 3.14783
700; 3.09143
710; 3.12113
720; 3.13333
730; 3.14521
740; 3.12432
750; 3.136
760; 3.10526
770; 3.14805
780; 3.17949
790; 3.14937
800; 3.155
810; 3.17037
820; 3.17073
830; 3.18554
840; 3.19048
850; 3.17647
860; 3.1814
870; 3.14943
880; 3.15909
890; 3.18202
900; 3.11111
910; 3.18681
920; 3.1913
930; 3.15699
940; 3.11915
950; 3.12
960; 3.13333
970; 3.09691
980; 3.17143
990; 3.22424

8 threads OMP_SCHEDULE=static
10; 2.4
20; 2.8
30; 3.06667
40; 2.8
50; 3.2
60; 2.8
70; 2.85714
80; 2.95
90; 2.88889
100; 2.84
110; 3.05455
120; 2.86667
130; 2.98462
140; 3
150; 2.98667
160; 3.15
170; 2.96471
180; 2.93333
190; 2.90526
200; 3.02
210; 3.04762
220; 3.03636
230; 3.02609
240; 3.03333
250; 3.024
260; 3
270; 2.97778
280; 3.02857
290; 3.04828
300; 3.12
310; 2.96774
320; 3.1
330; 3.15152
340; 3
350; 3.07429
360; 3.1
370; 3.1027
380; 3.08421
390; 3.15897
400; 3.09
410; 3.08293
420; 3.14286
430; 3.04186
440; 3.04545
450; 3.07556
460; 3.11304
470; 3.09787
480; 3.10833
490; 3.12653
500; 3.12
510; 3.13725
520; 3.12308
530; 3.18491
540; 3.08889
550; 3.14182
560; 3.15714
570; 3.10877
580; 3.08966
590; 3.14576
600; 3.16667
610; 3.12131
620; 3.12258
630; 3.15556
640; 3.08125
650; 3.14462
660; 3.13939
670; 3.17015
680; 3.11765
690; 3.2058
700; 3.13714
710; 3.13239
720; 3.13889
730; 3.18904
740; 3.14054
750; 3.232
760; 3.14211
770; 3.20519
780; 3.09231
790; 3.13924
800; 3.175
810; 3.16049
820; 3.1561
830; 3.13735
840; 3.12857
850; 3.15294
860; 3.11628
870; 3.12184
880; 3.12727
890; 3.13708
900; 3.14667
910; 3.12527
920; 3.17826
930; 3.14409
940; 3.17447
950; 3.15368
960; 3.19167
970; 3.17526
980; 3.18367
990; 3.17576

1 thread OMP_SCHEDULE=dynamic
10; 2.8
20; 2.6
30; 2.53333
40; 2.7
50; 2.64
60; 2.66667
70; 2.68571
80; 2.75
90; 2.75556
100; 2.76
110; 2.83636
120; 2.83333
130; 2.86154
140; 2.85714
150; 2.85333
160; 2.875
170; 2.89412
180; 2.93333
190; 2.90526
200; 2.94
210; 2.97143
220; 2.98182
230; 2.97391
240; 3.01667
250; 2.96
260; 2.98462
270; 3.00741
280; 2.98571
290; 2.96552
300; 3
310; 3.01935
320; 3.0375
330; 3.0303
340; 3.04706
350; 3.05143
360; 3.05556
370; 3.08108
380; 3.09474
390; 3.08718
400; 3.08
410; 3.06341
420; 3.06667
430; 3.06977
440; 3.07273
450; 3.08444
460; 3.10435
470; 3.11489
480; 3.10833
490; 3.10204
500; 3.112
510; 3.12157
520; 3.11538
530; 3.11698
540; 3.11111
550; 3.10545
560; 3.10714
570; 3.11579
580; 3.11034
590; 3.10508
600; 3.12
610; 3.11475
620; 3.12258
630; 3.12381
640; 3.125
650; 3.12
660; 3.12727
670; 3.12836
680; 3.13529
690; 3.13623
700; 3.13714
710; 3.13803
720; 3.14444
730; 3.15068
740; 3.15676
750; 3.152
760; 3.15789
770; 3.15325
780; 3.15897
790; 3.16456
800; 3.17
810; 3.16049
820; 3.17073
830; 3.17108
840; 3.17143
850; 3.16706
860; 3.14884
870; 3.14943
880; 3.15
890; 3.15056
900; 3.14667
910; 3.15165
920; 3.15217
930; 3.15699
940; 3.16596
950; 3.16632
960; 3.15833
970; 3.16289
980; 3.16735
990; 3.16364

2 threads OMP_SCHEDULE=dynamic
10; 3.2
20; 3.2
30; 2.93333
40; 2.9
50; 2.8
60; 2.86667
70; 2.8
80; 2.85
90; 3.02222
100; 2.88
110; 3.05455
120; 2.96667
130; 2.95385
140; 3.05714
150; 2.98667
160; 3
170; 2.98824
180; 3.04444
190; 3.03158
200; 2.9
210; 3.08571
220; 3.14545
230; 3.07826
240; 3.05
250; 3.056
260; 3.01538
270; 3.00741
280; 3.08571
290; 2.97931
300; 3.08
310; 3.05806
320; 3
330; 3.01818
340; 3.05882
350; 3.09714
360; 3.03333
370; 3.1027
380; 3.09474
390; 3.06667
400; 3.08
410; 3.03415
420; 3.09524
430; 3.07907
440; 3.15455
450; 3.12889
460; 3.13913
470; 3.19149
480; 3.15833
490; 3.10204
500; 3.12
510; 3.13725
520; 3.16154
530; 3.07925
540; 3.18519
550; 3.11273
560; 3.16429
570; 3.06667
580; 3.12414
590; 3.10508
600; 3.14667
610; 3.09508
620; 3.14194
630; 3.07302
640; 3.14375
650; 3.12
660; 3.12727
670; 3.15224
680; 3.15294
690; 3.15362
700; 3.19429
710; 3.13803
720; 3.14444
730; 3.15068
740; 3.16216
750; 3.2
760; 3.17895
770; 3.14286
780; 3.1641
790; 3.1443
800; 3.15
810; 3.2
820; 3.11707
830; 3.24819
840; 3.22381
850; 3.2
860; 3.16744
870; 3.11724
880; 3.11818
890; 3.15955
900; 3.15556
910; 3.12527
920; 3.2
930; 3.1957
940; 3.20851
950; 3.16632
960; 3.19167
970; 3.15052
980; 3.17143
990; 3.20808

3 threads OMP_SCHEDULE=dynamic
10; 2.8
20; 2.4
30; 3.06667
40; 2.7
50; 2.56
60; 2.8
70; 2.68571
80; 2.8
90; 2.93333
100; 2.92
110; 2.90909
120; 2.93333
130; 2.8
140; 3.14286
150; 2.85333
160; 2.85
170; 3.05882
180; 3.2
190; 2.98947
200; 3
210; 3.04762
220; 3.16364
230; 3.06087
240; 2.98333
250; 3.008
260; 3.01538
270; 3.03704
280; 3
290; 3.02069
300; 3.02667
310; 3.00645
320; 3.025
330; 3.04242
340; 3.05882
350; 3.00571
360; 3.06667
370; 3.13514
380; 3.11579
390; 3.17949
400; 3.14
410; 3.05366
420; 3.07619
430; 3.02326
440; 3.05455
450; 3.04
460; 3.05217
470; 3.11489
480; 3.11667
490; 3.06939
500; 3.08
510; 3.0902
520; 3.08462
530; 3.04151
540; 3.17778
550; 3.12727
560; 3.08571
570; 3.0807
580; 3.06897
590; 3.06441
600; 3.1
610; 3.19344
620; 3.16774
630; 3.10476
640; 3.10625
650; 3.11385
660; 3.13333
670; 3.11045
680; 3.16471
690; 3.08406
700; 3.14286
710; 3.17183
720; 3.11111
730; 3.15068
740; 3.16757
750; 3.136
760; 3.16316
770; 3.1013
780; 3.15897
790; 3.14937
800; 3.165
810; 3.13086
820; 3.17073
830; 3.14217
840; 3.16667
850; 3.16706
860; 3.13023
870; 3.13563
880; 3.10455
890; 3.14607
900; 3.14667
910; 3.14725
920; 3.15652
930; 3.13978
940; 3.13617
950; 3.08632
960; 3.14583
970; 3.13814
980; 3.14694
990; 3.14747

4 threads OMP_SCHEDULE=dynamic
10; 2.4
20; 2.8
30; 2.8
40; 2.7
50; 2.8
60; 3
70; 2.62857
80; 2.85
90; 2.97778
100; 3.04
110; 3.01818
120; 2.76667
130; 2.92308
140; 3.14286
150; 3.09333
160; 2.85
170; 3.05882
180; 2.93333
190; 3.07368
200; 3.08
210; 3.04762
220; 2.89091
230; 2.95652
240; 3.08333
250; 3.024
260; 2.86154
270; 3.03704
280; 3.05714
290; 2.97931
300; 2.93333
310; 3.04516
320; 3.05
330; 3.06667
340; 2.97647
350; 2.96
360; 3.12222
370; 3.08108
380; 3.08421
390; 3.06667
400; 3.11
410; 3.09268
420; 3.07619
430; 3.04186
440; 3.01818
450; 3.06667
460; 3.11304
470; 3.0383
480; 3.1
490; 3.0449
500; 3.096
510; 3.2
520; 3.10769
530; 3.07925
540; 3.15556
550; 3.11273
560; 3.12143
570; 3.08772
580; 3.13103
590; 3.13898
600; 3.15333
610; 3.08197
620; 3.13548
630; 3.07937
640; 3.1125
650; 3.10769
660; 3.2
670; 3.13433
680; 3.11765
690; 3.18261
700; 3.12
710; 3.13803
720; 3.15
730; 3.16712
740; 3.19459
750; 3.12
760; 3.11053
770; 3.14805
780; 3.13333
790; 3.12911
800; 3.125
810; 3.15556
820; 3.20976
830; 3.16627
840; 3.11905
850; 3.13882
860; 3.09302
870; 3.1954
880; 3.2
890; 3.11011
900; 3.14667
910; 3.0989
920; 3.16522
930; 3.16129
940; 3.12766
950; 3.13684
960; 3.17917
970; 3.17938
980; 3.17959
990; 3.14343

5 threads OMP_SCHEDULE=dynamic
10; 2.8
20; 3
30; 2.53333
40; 2.7
50; 2.64
60; 2.73333
70; 2.51429
80; 2.6
90; 2.97778
100; 2.88
110; 2.90909
120; 2.86667
130; 2.98462
140; 2.97143
150; 2.8
160; 3
170; 2.8
180; 3.08889
190; 2.96842
200; 3.06
210; 2.97143
220; 3.03636
230; 2.95652
240; 3.01667
250; 3.088
260; 2.98462
270; 3.00741
280; 2.97143
290; 2.97931
300; 3.04
310; 2.87742
320; 3.05
330; 3.05455
340; 3.03529
350; 3.04
360; 3.08889
370; 3.04865
380; 3.06316
390; 3.16923
400; 3.14
410; 3.1122
420; 3.18095
430; 3.06047
440; 3.10909
450; 3.05778
460; 3.08696
470; 3.14043
480; 3.1
490; 3.07755
500; 3.12
510; 3.08235
520; 3.1
530; 3.13208
540; 3.13333
550; 3.09818
560; 3.1
570; 3.05965
580; 3.15862
590; 3.11186
600; 3.19333
610; 3.07541
620; 3.2
630; 3.09206
640; 3.1
650; 3.10154
660; 3.18182
670; 3.12239
680; 3.16471
690; 3.11884
700; 3.18286
710; 3.14366
720; 3.17778
730; 3.09589
740; 3.21081
750; 3.21067
760; 3.21053
770; 3.14286
780; 3.14872
790; 3.15949
800; 3.135
810; 3.17037
820; 3.21951
830; 3.15181
840; 3.12857
850; 3.15765
860; 3.16279
870; 3.17241
880; 3.14545
890; 3.15056
900; 3.12889
910; 3.15165
920; 3.13478
930; 3.13978
940; 3.17021
950; 3.15368
960; 3.17917
970; 3.16289
980; 3.1551
990; 3.1596

6 threads OMP_SCHEDULE=dynamic
10; 2.4
20; 2.4
30; 2.66667
40; 2.8
50; 2.64
60; 2.8
70; 2.68571
80; 3
90; 3.06667
100; 2.88
110; 2.87273
120; 2.93333
130; 2.92308
140; 2.94286
150; 2.93333
160; 2.825
170; 2.84706
180; 2.93333
190; 2.94737
200; 3.04
210; 3.04762
220; 3.01818
230; 3.0087
240; 3.11667
250; 3.04
260; 3.04615
270; 3.03704
280; 3
290; 3.0069
300; 2.96
310; 3.12258
320; 3
330; 3.10303
340; 3.05882
350; 3.22286
360; 3.12222
370; 3.07027
380; 3.14737
390; 3.13846
400; 3.13
410; 3.08293
420; 3.1619
430; 3.15349
440; 3.04545
450; 3.08444
460; 3.14783
470; 3.13191
480; 3.06667
490; 3.05306
500; 3.096
510; 3.0902
520; 3.12308
530; 3.11698
540; 3.12593
550; 3.07636
560; 3.07857
570; 3.07368
580; 3.18621
590; 3.07797
600; 3.07333
610; 3.06885
620; 3.18065
630; 3.14921
640; 3.11875
650; 3.09538
660; 3.15152
670; 3.16418
680; 3.11765
690; 3.10145
700; 3.11429
710; 3.17746
720; 3.12222
730; 3.19452
740; 3.13514
750; 3.13067
760; 3.19474
770; 3.13766
780; 3.18462
790; 3.19494
800; 3.16
810; 3.14568
820; 3.18537
830; 3.18072
840; 3.1619
850; 3.17176
860; 3.20465
870; 3.2092
880; 3.14545
890; 3.14607
900; 3.12889
910; 3.15604
920; 3.17826
930; 3.17849
940; 3.15745
950; 3.15789
960; 3.13333
970; 3.16701
980; 3.20408
990; 3.16364

7 threads OMP_SCHEDULE=dynamic
10; 2.8
20; 3
30; 2.8
40; 2.7
50; 2.8
60; 2.8
70; 2.74286
80; 2.8
90; 2.8
100; 2.96
110; 2.94545
120; 3.06667
130; 2.8
140; 2.91429
150; 2.88
160; 3
170; 3.05882
180; 3.08889
190; 3.07368
200; 2.94
210; 3.04762
220; 3.12727
230; 3.04348
240; 3.05
250; 3.056
260; 3.12308
270; 3.02222
280; 2.95714
290; 2.95172
300; 3.02667
310; 3.01935
320; 3.15
330; 3.12727
340; 3.03529
350; 3.00571
360; 3.05556
370; 3.02703
380; 3.02105
390; 3.13846
400; 3.1
410; 3.07317
420; 3.10476
430; 2.97674
440; 3.13636
450; 3.05778
460; 3.15652
470; 3.19149
480; 3.09167
490; 3.1102
500; 3.096
510; 3.07451
520; 3.12308
530; 3.09434
540; 3.11852
550; 3.12727
560; 3.06429
570; 3.14386
580; 3.15172
590; 3.05763
600; 3.14
610; 3.14098
620; 3.14194
630; 3.13016
640; 3.08125
650; 3.16308
660; 3.16364
670; 3.1403
680; 3.05294
690; 3.15942
700; 3.10286
710; 3.12113
720; 3.18333
730; 3.13425
740; 3.15676
750; 3.14667
760; 3.17895
770; 3.12208
780; 3.09744
790; 3.18987
800; 3.135
810; 3.15062
820; 3.16585
830; 3.12289
840; 3.12381
850; 3.17176
860; 3.17209
870; 3.14483
880; 3.17273
890; 3.17753
900; 3.18222
910; 3.12967
920; 3.14783
930; 3.13118
940; 3.21702
950; 3.21263
960; 3.15833
970; 3.14227
980; 3.19184
990; 3.19596

8 threads OMP_SCHEDULE=dynamic
10; 3.6
20; 2.8
30; 2.93333
40; 2.7
50; 2.8
60; 3
70; 2.85714
80; 2.95
90; 2.97778
100; 2.84
110; 2.94545
120; 2.9
130; 2.98462
140; 2.88571
150; 2.8
160; 2.95
170; 2.94118
180; 2.95556
190; 3.05263
200; 3.04
210; 2.91429
220; 3.05455
230; 3.13043
240; 3.1
250; 3.088
260; 3.06154
270; 3.00741
280; 3.05714
290; 3.03448
300; 2.97333
310; 2.99355
320; 3.075
330; 3.11515
340; 3.04706
350; 3.09714
360; 3.07778
370; 3.07027
380; 3.13684
390; 3.13846
400; 3.1
410; 3.14146
420; 3.08571
430; 3.02326
440; 3.07273
450; 3.09333
460; 3.16522
470; 3.13191
480; 3.075
490; 3.08571
500; 3.088
510; 3.10588
520; 3.11538
530; 3.06415
540; 3.12593
550; 3.07636
560; 3.06429
570; 3.05263
580; 3.16552
590; 3.09831
600; 3.13333
610; 3.1541
620; 3.12258
630; 3.1873
640; 3.13125
650; 3.08923
660; 3.10909
670; 3.1403
680; 3.09412
690; 3.11884
700; 3.11429
710; 3.12113
720; 3.17778
730; 3.14521
740; 3.16757
750; 3.15733
760; 3.15789
770; 3.21558
780; 3.15897
790; 3.15949
800; 3.17
810; 3.11111
820; 3.20976
830; 3.21446
840; 3.15714
850; 3.12941
860; 3.14884
870; 3.2046
880; 3.15
890; 3.19551
900; 3.19111
910; 3.15604
920; 3.13913
930; 3.17419
940; 3.16596
950; 3.16211
960; 3.17083
970; 3.1299
980; 3.15102
990; 3.16768

1 thread OMP_SCHEDULE=guided
10; 2.8
20; 2.6
30; 2.53333
40; 2.7
50; 2.64
60; 2.66667
70; 2.68571
80; 2.75
90; 2.75556
100; 2.76
110; 2.83636
120; 2.83333
130; 2.86154
140; 2.85714
150; 2.85333
160; 2.875
170; 2.89412
180; 2.93333
190; 2.90526
200; 2.94
210; 2.97143
220; 2.98182
230; 2.97391
240; 3.01667
250; 2.96
260; 2.98462
270; 3.00741
280; 2.98571
290; 2.96552
300; 3
310; 3.01935
320; 3.0375
330; 3.0303
340; 3.04706
350; 3.05143
360; 3.05556
370; 3.08108
380; 3.09474
390; 3.08718
400; 3.08
410; 3.06341
420; 3.06667
430; 3.06977
440; 3.07273
450; 3.08444
460; 3.10435
470; 3.11489
480; 3.10833
490; 3.10204
500; 3.112
510; 3.12157
520; 3.11538
530; 3.11698
540; 3.11111
550; 3.10545
560; 3.10714
570; 3.11579
580; 3.11034
590; 3.10508
600; 3.12
610; 3.11475
620; 3.12258
630; 3.12381
640; 3.125
650; 3.12
660; 3.12727
670; 3.12836
680; 3.13529
690; 3.13623
700; 3.13714
710; 3.13803
720; 3.14444
730; 3.15068
740; 3.15676
750; 3.152
760; 3.15789
770; 3.15325
780; 3.15897
790; 3.16456
800; 3.17
810; 3.16049
820; 3.17073
830; 3.17108
840; 3.17143
850; 3.16706
860; 3.14884
870; 3.14943
880; 3.15
890; 3.15056
900; 3.14667
910; 3.15165
920; 3.15217
930; 3.15699
940; 3.16596
950; 3.16632
960; 3.15833
970; 3.16289
980; 3.16735
990; 3.16364

2 threads OMP_SCHEDULE=guided
10; 2.8
20; 2.8
30; 2.8
40; 2.6
50; 2.72
60; 2.93333
70; 2.74286
80; 2.95
90; 2.97778
100; 2.84
110; 3.05455
120; 2.9
130; 2.92308
140; 3.02857
150; 2.98667
160; 3.05
170; 3.03529
180; 3.06667
190; 3.09474
200; 2.92
210; 3.10476
220; 3.05455
230; 3.06087
240; 3.08333
250; 3.04
260; 3.09231
270; 2.93333
280; 3
290; 2.9931
300; 3.10667
310; 2.96774
320; 3.1
330; 3.0303
340; 3.01176
350; 3.13143
360; 3.01111
370; 3.18919
380; 3.09474
390; 3.13846
400; 3.08
410; 3.0439
420; 3.05714
430; 3.06977
440; 3.10909
450; 3.02222
460; 3.13043
470; 3.2
480; 3.14167
490; 3.13469
500; 3.144
510; 3.10588
520; 3.18462
530; 3.15472
540; 3.15556
550; 3.08364
560; 3.16429
570; 3.09474
580; 3.10345
590; 3.19322
600; 3.12
610; 3.08852
620; 3.09677
630; 3.14921
640; 3.06875
650; 3.15692
660; 3.12121
670; 3.07463
680; 3.12353
690; 3.08986
700; 3.14286
710; 3.10986
720; 3.13889
730; 3.18356
740; 3.09189
750; 3.15733
760; 3.16842
770; 3.22597
780; 3.14359
790; 3.16962
800; 3.12
810; 3.15062
820; 3.18537
830; 3.16145
840; 3.20952
850; 3.14353
860; 3.16744
870; 3.16322
880; 3.14545
890; 3.18202
900; 3.17778
910; 3.17802
920; 3.14783
930; 3.2086
940; 3.23404
950; 3.08211
960; 3.1875
970; 3.19175
980; 3.21224
990; 3.16364

3 threads OMP_SCHEDULE=guided
10; 2.8
20; 3
30; 2.53333
40; 2.8
50; 2.88
60; 3
70; 2.74286
80; 2.8
90; 3.02222
100; 2.92
110; 2.83636
120; 2.93333
130; 2.95385
140; 2.85714
150; 2.93333
160; 3
170; 3.01176
180; 2.93333
190; 2.94737
200; 2.98
210; 3.04762
220; 3.07273
230; 2.9913
240; 3.06667
250; 3.088
260; 3.03077
270; 3.0963
280; 3.02857
290; 2.95172
300; 3.05333
310; 2.99355
320; 3.0125
330; 3.01818
340; 3
350; 2.98286
360; 3.11111
370; 3.11351
380; 3.11579
390; 3.06667
400; 3.12
410; 3.02439
420; 3.11429
430; 3.04186
440; 3.14545
450; 3.13778
460; 3.05217
470; 3.1234
480; 3.10833
490; 3.14286
500; 3.104
510; 3.0902
520; 3.16923
530; 3.14717
540; 3.08889
550; 3.09091
560; 3.08571
570; 3.16491
580; 3.08276
590; 3.05763
600; 3.12667
610; 3.11475
620; 3.12903
630; 3.12381
640; 3.125
650; 3.13846
660; 3.13333
670; 3.10448
680; 3.11765
690; 3.17681
700; 3.12571
710; 3.11549
720; 3.13889
730; 3.15616
740; 3.12973
750; 3.14133
760; 3.15789
770; 3.12208
780; 3.13333
790; 3.11899
800; 3.14
810; 3.14568
820; 3.1561
830; 3.11807
840; 3.16667
850; 3.15765
860; 3.16744
870; 3.2092
880; 3.14545
890; 3.11011
900; 3.13778
910; 3.17363
920; 3.17391
930; 3.1957
940; 3.13191
950; 3.14947
960; 3.10833
970; 3.12165
980; 3.1551
990; 3.12727

4 threads OMP_SCHEDULE=guided
10; 2.8
20; 2.8
30; 2.66667
40; 2.6
50; 2.56
60; 2.86667
70; 2.8
80; 2.75
90; 2.84444
100; 2.84
110; 2.94545
120; 3
130; 2.95385
140; 2.97143
150; 2.85333
160; 3
170; 3.10588
180; 2.88889
190; 2.96842
200; 2.92
210; 2.99048
220; 3.03636
230; 2.97391
240; 3.06667
250; 3.04
260; 3.09231
270; 3.18519
280; 2.9
290; 3.0069
300; 3.05333
310; 3.05806
320; 2.875
330; 3.04242
340; 3.07059
350; 3.08571
360; 3.11111
370; 3.12432
380; 3.16842
390; 3.13846
400; 3.02
410; 3.05366
420; 2.97143
430; 3.04186
440; 3.04545
450; 3.11111
460; 3.08696
470; 3.10638
480; 3.08333
490; 3.06122
500; 3.12
510; 3.08235
520; 3.13077
530; 3.04906
540; 3.13333
550; 3.14909
560; 3.11429
570; 3.12281
580; 3.09655
590; 3.14576
600; 3.05333
610; 3.07541
620; 3.14194
630; 3.14921
640; 3.0375
650; 3.10769
660; 3.13939
670; 3.11642
680; 3.08235
690; 3.10145
700; 3.12
710; 3.1493
720; 3.16111
730; 3.10685
740; 3.07027
750; 3.17867
760; 3.17368
770; 3.13247
780; 3.14872
790; 3.12405
800; 3.085
810; 3.0716
820; 3.17561
830; 3.1759
840; 3.14286
850; 3.18588
860; 3.17209
870; 3.11724
880; 3.14545
890; 3.12809
900; 3.15556
910; 3.13407
920; 3.17391
930; 3.15269
940; 3.14894
950; 3.16211
960; 3.16667
970; 3.16289
980; 3.17959
990; 3.17172

5 threads OMP_SCHEDULE=guided
10; 3.2
20; 2.6
30; 2.53333
40; 3
50; 2.64
60; 2.73333
70; 2.85714
80; 3.05
90; 2.8
100; 2.88
110; 3.01818
120; 2.93333
130; 2.76923
140; 3
150; 2.88
160; 2.95
170; 3.10588
180; 3.08889
190; 2.92632
200; 3.04
210; 3.12381
220; 3.05455
230; 2.95652
240; 3.03333
250; 3.136
260; 3.04615
270; 3.03704
280; 2.98571
290; 3.02069
300; 3
310; 3.09677
320; 3.075
330; 2.99394
340; 2.97647
350; 3.00571
360; 3.05556
370; 3.09189
380; 3.13684
390; 3.0359
400; 3.14
410; 3.00488
420; 3.11429
430; 3.12558
440; 3.12727
450; 3.13778
460; 3.04348
470; 3.14894
480; 3.18333
490; 3.13469
500; 3.184
510; 3.10588
520; 3.16154
530; 3.07925
540; 3.13333
550; 3.18545
560; 3.15
570; 3.12982
580; 3.11034
590; 3.04407
600; 3.1
610; 3.11475
620; 3.06452
630; 3.11746
640; 3.09375
650; 3.13231
660; 3.16364
670; 3.09851
680; 3.09412
690; 3.04928
700; 3.10286
710; 3.13803
720; 3.15
730; 3.13973
740; 3.15135
750; 3.07733
760; 3.2
770; 3.17403
780; 3.21026
790; 3.05823
800; 3.135
810; 3.19012
820; 3.14146
830; 3.12289
840; 3.22381
850; 3.14353
860; 3.20465
870; 3.12184
880; 3.18636
890; 3.13708
900; 3.16
910; 3.16923
920; 3.14783
930; 3.17849
940; 3.19574
950; 3.14526
960; 3.15417
970; 3.19588
980; 3.15102
990; 3.17172

6 threads OMP_SCHEDULE=guided
10; 2.8
20; 2.4
30; 2.93333
40; 2.8
50; 2.96
60; 2.93333
70; 2.91429
80; 2.9
90; 2.93333
100; 2.96
110; 2.90909
120; 3
130; 2.95385
140; 2.88571
150; 3.09333
160; 3
170; 2.98824
180; 3.11111
190; 3.01053
200; 2.98
210; 3.06667
220; 3.01818
230; 3.04348
240; 3.05
250; 3.12
260; 3
270; 3.02222
280; 3
290; 3.03448
300; 2.94667
310; 3.00645
320; 3.125
330; 3.0303
340; 3.03529
350; 3.06286
360; 3.1
370; 3.09189
380; 3.14737
390; 3.13846
400; 3.11
410; 3.0439
420; 3.06667
430; 3.14419
440; 3.05455
450; 3.07556
460; 3.06087
470; 3.09787
480; 3.225
490; 3.13469
500; 3.168
510; 3.15294
520; 3.1
530; 3.13962
540; 3.17778
550; 3.11273
560; 3.15
570; 3.05965
580; 3.12414
590; 3.03729
600; 3.16667
610; 3.12131
620; 3.12903
630; 3.16825
640; 3.0375
650; 3.05846
660; 3.17576
670; 3.11045
680; 3.17647
690; 3.13043
700; 3.24
710; 3.1831
720; 3.13889
730; 3.14521
740; 3.15676
750; 3.12
760; 3.14737
770; 3.18442
780; 3.15385
790; 3.15949
800; 3.12
810; 3.13086
820; 3.13659
830; 3.17108
840; 3.14762
850; 3.22824
860; 3.16279
870; 3.14943
880; 3.15909
890; 3.2
900; 3.10667
910; 3.11648
920; 3.21739
930; 3.2043
940; 3.2383
950; 3.13684
960; 3.1375
970; 3.20825
980; 3.14694
990; 3.19596

7 threads OMP_SCHEDULE=guided
10; 2.4
20; 2.8
30; 2.4
40; 2.7
50; 2.72
60; 2.86667
70; 2.62857
80; 2.85
90; 2.88889
100; 2.92
110; 2.90909
120; 2.86667
130; 2.95385
140; 3
150; 3.01333
160; 3.05
170; 3.03529
180; 3.11111
190; 3.01053
200; 3.06
210; 2.91429
220; 3.12727
230; 3.0087
240; 3.1
250; 3.04
260; 3.04615
270; 3.11111
280; 3.1
290; 3.06207
300; 3
310; 3.10968
320; 3.0625
330; 3.04242
340; 3.08235
350; 3.12
360; 3.15556
370; 3.13514
380; 3.13684
390; 3.14872
400; 3.1
410; 3.09268
420; 3.0381
430; 3.07907
440; 3.06364
450; 3.04889
460; 3.11304
470; 3.20851
480; 3.225
490; 3.10204
500; 3.136
510; 3.18431
520; 3.13846
530; 3.10943
540; 3.12593
550; 3.11273
560; 3.21429
570; 3.0807
580; 3.17241
590; 3.09831
600; 3.14
610; 3.1082
620; 3.08387
630; 3.14286
640; 3.09375
650; 3.15692
660; 3.10303
670; 3.17015
680; 3.19412
690; 3.18841
700; 3.10286
710; 3.13239
720; 3.22222
730; 3.20548
740; 3.16216
750; 3.184
760; 3.16316
770; 3.14805
780; 3.1641
790; 3.18481
800; 3.205
810; 3.23951
820; 3.22927
830; 3.17108
840; 3.17619
850; 3.12941
860; 3.15814
870; 3.08966
880; 3.2
890; 3.16854
900; 3.15556
910; 3.17363
920; 3.16522
930; 3.14409
940; 3.09362
950; 3.12
960; 3.15833
970; 3.20412
980; 3.2
990; 3.12727

8 threads OMP_SCHEDULE=guided
10; 2.4
20; 2.6
30; 3.2
40; 2.9
50; 2.88
60; 2.73333
70; 2.91429
80; 2.8
90; 3.06667
100; 2.88
110; 2.83636
120; 2.86667
130; 3.07692
140; 2.94286
150; 2.82667
160; 2.925
170; 2.98824
180; 3.08889
190; 2.96842
200; 2.98
210; 3.06667
220; 3.10909
230; 2.93913
240; 3.05
250; 3.136
260; 2.98462
270; 3.02222
280; 2.95714
290; 2.92414
300; 2.94667
310; 3.14839
320; 3.0375
330; 3.06667
340; 3.08235
350; 3.12
360; 3.03333
370; 3.04865
380; 3.11579
390; 3.08718
400; 3.07
410; 3.10244
420; 3.12381
430; 3.04186
440; 3.02727
450; 3.04889
460; 3.04348
470; 3.14043
480; 3.10833
490; 3.13469
500; 3.12
510; 3.10588
520; 3.17692
530; 3.0566
540; 3.12593
550; 3.10545
560; 3.12143
570; 3.07368
580; 3.02759
590; 3.11186
600; 3.12667
610; 3.04262
620; 3.14194
630; 3.11746
640; 3.1
650; 3.08923
660; 3.06667
670; 3.11642
680; 3.15882
690; 3.21159
700; 3.16
710; 3.1662
720; 3.16111
730; 3.13425
740; 3.11351
750; 3.152
760; 3.16842
770; 3.07013
780; 3.15385
790; 3.12405
800; 3.2
810; 3.18025
820; 3.16585
830; 3.18072
840; 3.15238
850; 3.15294
860; 3.17209
870; 3.16782
880; 3.15
890; 3.18202
900; 3.10222
910; 3.14725
920; 3.14783
930; 3.15699
940; 3.15745
950; 3.18316
960; 3.16667
970; 3.12577
980; 3.18776
990; 3.16768

